100 0.000191
110 0.000165
120 0.000162
130 0.00016
140 0.000166
150 0.000163
160 0.000165
170 0.000168
180 0.000163
190 0.00016
200 0.000196
210 0.000174
220 0.000175
230 0.000173
240 0.000171
250 0.000174
260 0.000172
270 0.000174
280 0.000173
290 0.00023
300 6.8e-05
310 6.8e-05
320 7.1e-05
330 7e-05
340 6.8e-05
350 6.7e-05
360 7e-05
370 6.8e-05
380 6.9e-05
390 6.7e-05
400 8.1e-05
410 7.5e-05
420 7.7e-05
430 8.2e-05
440 7.9e-05
450 7.9e-05
460 8e-05
470 7.7e-05
480 7.6e-05
490 8.1e-05
500 8.1e-05
510 9.3e-05
520 8.3e-05
530 8.3e-05
540 8.1e-05
550 8.3e-05
560 8.3e-05
570 8e-05
580 7.8e-05
590 8e-05
600 8.7e-05
610 9.4e-05
620 9.1e-05
630 8.8e-05
640 8.6e-05
650 8.5e-05
660 8.6e-05
670 8.6e-05
680 8.7e-05
690 8.5e-05
700 9.2e-05
710 9.2e-05
720 0.000101
730 9.5e-05
740 9.4e-05
750 0.0001
760 9e-05
770 9.6e-05
780 9.2e-05
790 9.5e-05
800 9.9e-05
810 0.000101
820 9.9e-05
830 9.5e-05
840 0.0001
850 9.6e-05
860 9.7e-05
870 9.8e-05
880 0.0001
890 0.0001
900 0.000103
910 0.000106
920 0.000104
930 0.000103
940 9.9e-05
950 0.000101
960 0.000108
970 0.000105
980 0.00011
990 0.000105
1000 0.000113
1010 0.000112
1020 0.000107
1030 0.00011
1040 0.00011
1050 0.000106
1060 0.000108
1070 0.000109
1080 0.000106
1090 0.000105
1100 0.000121
1110 0.000121
1120 0.000113
1130 0.000122
1140 0.000115
1150 0.000113
1160 0.000111
1170 0.000111
1180 0.000115
1190 0.000113
1200 0.000119
1210 0.000119
1220 0.00012
1230 0.000119
1240 0.00012
1250 0.000122
1260 0.000119
1270 0.000118
1280 0.000121
1290 0.000117
1300 0.000124
1310 0.000127
1320 0.000123
1330 0.000126
1340 0.000121
1350 0.000123
1360 0.000123
1370 0.000126
1380 0.000128
1390 0.000127
1400 0.000132
1410 0.00013
1420 0.000131
1430 0.000132
1440 0.00013
1450 0.000126
1460 0.000131
1470 0.000132
1480 0.000131
1490 0.000129
1500 0.000136
1510 0.000135
1520 0.000135
1530 0.000137
1540 0.000135
1550 0.000139
1560 0.000133
1570 0.000137
1580 0.000134
1590 0.000134
1600 0.00014
1610 0.000147
1620 0.000143
1630 0.00014
1640 0.00014
1650 0.00014
1660 0.000144
1670 0.000144
1680 0.000139
1690 0.000142
1700 0.000148
1710 0.000149
1720 0.000148
1730 0.000151
1740 0.000147
1750 0.000146
1760 0.000145
1770 0.000142
1780 0.000144
1790 0.000147
1800 0.000148
1810 0.000157
1820 0.000149
1830 0.000148
1840 0.000157
1850 0.000151
1860 0.000148
1870 0.000147
1880 0.000151
1890 0.000151
1900 0.000158
1910 0.000157
1920 0.000157
1930 0.000156
1940 0.000162
1950 0.000157
1960 0.000159
1970 0.000159
1980 0.000158
1990 0.000154
2000 0.000161
2010 0.000166
2020 0.000163
2030 0.000162
2040 0.000159
2050 0.000164
2060 0.000178
2070 0.000165
2080 0.000165
2090 0.000164
2100 0.000165
2110 0.00017
2120 0.000166
2130 0.00017
2140 0.000165
2150 0.00017
2160 0.000165
2170 0.000167
2180 0.000161
2190 0.000166
2200 0.00018
2210 0.00017
2220 0.000173
2230 0.000175
2240 0.000173
2250 0.000171
2260 0.000172
2270 0.000174
2280 0.000169
2290 0.000178
2300 0.000177
2310 0.000178
2320 0.000175
2330 0.000179
2340 0.000179
2350 0.000177
2360 0.000177
2370 0.000176
2380 0.000176
2390 0.000177
2400 0.000185
2410 0.000187
2420 0.000181
2430 0.000181
2440 0.000182
2450 0.000183
2460 0.000186
2470 0.000197
2480 0.000181
2490 0.000188
2500 0.000197
2510 0.000186
2520 0.000186
2530 0.000191
2540 0.000188
2550 0.000186
2560 0.000194
2570 0.000186
2580 0.000188
2590 0.000188
2600 0.000195
2610 0.000197
2620 0.000195
2630 0.000192
2640 0.000193
2650 0.000194
2660 0.000194
2670 0.000192
2680 0.000194
2690 0.000192
2700 0.000197
2710 0.0002
2720 0.0002
2730 0.0002
2740 0.000197
2750 0.000199
2760 0.000203
2770 0.000199
2780 0.000199
2790 0.0002
2800 0.000207
2810 0.000201
2820 0.0002
2830 0.000207
2840 0.000205
2850 0.000201
2860 0.000208
2870 0.000207
2880 0.000203
2890 0.000204
2900 0.000211
2910 0.000207
2920 0.000211
2930 0.000215
2940 0.000209
2950 0.000209
2960 0.000209
2970 0.000208
2980 0.000211
2990 0.00021
3000 0.000215
3010 0.000217
3020 0.000215
3030 0.000214
3040 0.000214
3050 0.000212
3060 0.000218
3070 0.000216
3080 0.000214
3090 0.000215
3100 0.000223
3110 0.000222
3120 0.00022
3130 0.000233
3140 0.000222
3150 0.000223
3160 0.000224
3170 0.000225
3180 0.000223
3190 0.000221
3200 0.000236
3210 0.00023
3220 0.000226
3230 0.000225
3240 0.000226
3250 0.000228
3260 0.000223
3270 0.000229
3280 0.000227
3290 0.000225
3300 0.000232
3310 0.000234
3320 0.00023
3330 0.000236
3340 0.000231
3350 0.000233
3360 0.000235
3370 0.000227
3380 0.000228
3390 0.000235
3400 0.000238
3410 0.000235
3420 0.000234
3430 0.000237
3440 0.000238
3450 0.000237
3460 0.000236
3470 0.00024
3480 0.000236
3490 0.000239
3500 0.00027
3510 0.000248
3520 0.000244
3530 0.000245
3540 0.000247
3550 0.000252
3560 0.000241
3570 0.000243
3580 0.000246
3590 0.000244
3600 0.00025
3610 0.000248
3620 0.000253
3630 0.000245
3640 0.000249
3650 0.000249
3660 0.00025
3670 0.000251
3680 0.000247
3690 0.00025
3700 0.000258
3710 0.000254
3720 0.000254
3730 0.000253
3740 0.000256
3750 0.000249
3760 0.000253
3770 0.000254
3780 0.00026
3790 0.000253
3800 0.000259
3810 0.000256
3820 0.000263
3830 0.000256
3840 0.000259
3850 0.000259
3860 0.00026
3870 0.000256
3880 0.000259
3890 0.000255
3900 0.000276
3910 0.000264
3920 0.000263
3930 0.000265
3940 0.000263
3950 0.000264
3960 0.000266
3970 0.000263
3980 0.000261
3990 0.000269
4000 0.000266
4010 0.00027
4020 0.000269
4030 0.000277
4040 0.000268
4050 0.000266
4060 0.000269
4070 0.000272
4080 0.000268
4090 0.000273
4100 0.000273
4110 0.000278
4120 0.000277
4130 0.000271
4140 0.000274
4150 0.000276
4160 0.000278
4170 0.000274
4180 0.000271
4190 0.000274
4200 0.000293
4210 0.000278
4220 0.000281
4230 0.000278
4240 0.000282
4250 0.000277
4260 0.000278
4270 0.000275
4280 0.000278
4290 0.00028
4300 0.000286
4310 0.000285
4320 0.000284
4330 0.000288
4340 0.000283
4350 0.000306
4360 0.000286
4370 0.000289
4380 0.000287
4390 0.00029
4400 0.000289
4410 0.000294
4420 0.000296
4430 0.000295
4440 0.00029
4450 0.000293
4460 0.000289
4470 0.000298
4480 0.000296
4490 0.000294
4500 0.000295
4510 0.000295
4520 0.000294
4530 0.000297
4540 0.000292
4550 0.000297
4560 0.000293
4570 0.000292
4580 0.000304
4590 0.000293
4600 0.000301
4610 0.000302
4620 0.000303
4630 0.000298
4640 0.000302
4650 0.000302
4660 0.000301
4670 0.000303
4680 0.0003
4690 0.000306
4700 0.000305
4710 0.000306
4720 0.000306
4730 0.000309
4740 0.000309
4750 0.000306
4760 0.000307
4770 0.000308
4780 0.000308
4790 0.000309
4800 0.000311
4810 0.000309
4820 0.000312
4830 0.000311
4840 0.000309
4850 0.00032
4860 0.000316
4870 0.000311
4880 0.000313
4890 0.000313
4900 0.000317
4910 0.000317
4920 0.000316
4930 0.000317
4940 0.000312
4950 0.000313
4960 0.000315
4970 0.000318
4980 0.000315
4990 0.000318
5000 0.000323
5010 0.000322
5020 0.000321
5030 0.000323
5040 0.000324
5050 0.000321
5060 0.00032
5070 0.000321
5080 0.000328
5090 0.000328
5100 0.000326
5110 0.000323
5120 0.000326
5130 0.000324
5140 0.000329
5150 0.000336
5160 0.000326
5170 0.000322
5180 0.000326
5190 0.000327
5200 0.000333
5210 0.000333
5220 0.00033
5230 0.000331
5240 0.000334
5250 0.000332
5260 0.000335
5270 0.000332
5280 0.00033
5290 0.000333
5300 0.000335
5310 0.000336
5320 0.000344
5330 0.00034
5340 0.000339
5350 0.000337
5360 0.000339
5370 0.000337
5380 0.000338
5390 0.000338
5400 0.000344
5410 0.000341
5420 0.000345
5430 0.000341
5440 0.000346
5450 0.000345
5460 0.000345
5470 0.000343
5480 0.000346
5490 0.000347
5500 0.000349
5510 0.000347
5520 0.000345
5530 0.000358
5540 0.000346
5550 0.00035
5560 0.000349
5570 0.000349
5580 0.000347
5590 0.000346
5600 0.000357
5610 0.000353
5620 0.000355
5630 0.000358
5640 0.000353
5650 0.000352
5660 0.000353
5670 0.000355
5680 0.000354
5690 0.000354
5700 0.000359
5710 0.000359
5720 0.000359
5730 0.00036
5740 0.000363
5750 0.000357
5760 0.000359
5770 0.000384
5780 0.000359
5790 0.000362
5800 0.000367
5810 0.000367
5820 0.000365
5830 0.000366
5840 0.000362
5850 0.000373
5860 0.000364
5870 0.000368
5880 0.000366
5890 0.000365
5900 0.000371
5910 0.000375
5920 0.000373
5930 0.000372
5940 0.000368
5950 0.000373
5960 0.000369
5970 0.000375
5980 0.000378
5990 0.000372
6000 0.000376
6010 0.00038
6020 0.000376
6030 0.000375
6040 0.000377
6050 0.000378
6060 0.000379
6070 0.000379
6080 0.000376
6090 0.000374
6100 0.000382
6110 0.000383
6120 0.000383
6130 0.000388
6140 0.000385
6150 0.000379
6160 0.000379
6170 0.000379
6180 0.00038
6190 0.000385
6200 0.000387
6210 0.000389
6220 0.00039
6230 0.000385
6240 0.000386
6250 0.000387
6260 0.000389
6270 0.000387
6280 0.000385
6290 0.000409
6300 0.000395
6310 0.000391
6320 0.000389
6330 0.00039
6340 0.000395
6350 0.000391
6360 0.000392
6370 0.00039
6380 0.000394
6390 0.000388
6400 0.000403
6410 0.000397
6420 0.000402
6430 0.000401
6440 0.000396
6450 0.000401
6460 0.000397
6470 0.0004
6480 0.000394
6490 0.0004
6500 0.000408
6510 0.000403
6520 0.000407
6530 0.000402
6540 0.000406
6550 0.000408
6560 0.000426
6570 0.000405
6580 0.0004
6590 0.000405
6600 0.000414
6610 0.000411
6620 0.000407
6630 0.000412
6640 0.000412
6650 0.000414
6660 0.000408
6670 0.000412
6680 0.000446
6690 0.000412
6700 0.000413
6710 0.000414
6720 0.00041
6730 0.000411
6740 0.000413
6750 0.000415
6760 0.00042
6770 0.000411
6780 0.000504
6790 0.000414
6800 0.000422
6810 0.000419
6820 0.00044
6830 0.000423
6840 0.000422
6850 0.000422
6860 0.000419
6870 0.000422
6880 0.000418
6890 0.000421
6900 0.000431
6910 0.000426
6920 0.000426
6930 0.000423
6940 0.000423
6950 0.000425
6960 0.000441
6970 0.000426
6980 0.000428
6990 0.000425
7000 0.000431
7010 0.000428
7020 0.000428
7030 0.000429
7040 0.000432
7050 0.000429
7060 0.00044
7070 0.000432
7080 0.000426
7090 0.000432
7100 0.000436
7110 0.000446
7120 0.000463
7130 0.000437
7140 0.000435
7150 0.000438
7160 0.000438
7170 0.000441
7180 0.000436
7190 0.000436
7200 0.000472
7210 0.000443
7220 0.000445
7230 0.000454
7240 0.000448
7250 0.000442
7260 0.000442
7270 0.000441
7280 0.00044
7290 0.000441
7300 0.000445
7310 0.000448
7320 0.000446
7330 0.000454
7340 0.000445
7350 0.000456
7360 0.000447
7370 0.000449
7380 0.000447
7390 0.000448
7400 0.000452
7410 0.000452
7420 0.000454
7430 0.000466
7440 0.000451
7450 0.00045
7460 0.000459
7470 0.000448
7480 0.000449
7490 0.000451
7500 0.000458
7510 0.00046
7520 0.000458
7530 0.00046
7540 0.000459
7550 0.000461
7560 0.00046
7570 0.00046
7580 0.000461
7590 0.000468
7600 0.000464
7610 0.000461
7620 0.000463
7630 0.00046
7640 0.000472
7650 0.000463
7660 0.000465
7670 0.000464
7680 0.000467
7690 0.000465
7700 0.000469
7710 0.000466
7720 0.000475
7730 0.000467
7740 0.000468
7750 0.000469
7760 0.000469
7770 0.000479
7780 0.000473
7790 0.000482
7800 0.000481
7810 0.00048
7820 0.000475
7830 0.000474
7840 0.000475
7850 0.000476
7860 0.000475
7870 0.0005
7880 0.000473
7890 0.000472
7900 0.000479
7910 0.000479
7920 0.000477
7930 0.000479
7940 0.000479
7950 0.000481
7960 0.000481
7970 0.000479
7980 0.000481
7990 0.000478
8000 0.000487
8010 0.000501
8020 0.000488
8030 0.000482
8040 0.000482
8050 0.000484
8060 0.000487
8070 0.000486
8080 0.000483
8090 0.000522
8100 0.000489
8110 0.000485
8120 0.00049
8130 0.000519
8140 0.000487
8150 0.000488
8160 0.000489
8170 0.000494
8180 0.000491
8190 0.00049
8200 0.000495
8210 0.000497
8220 0.000497
8230 0.000542
8240 0.000494
8250 0.000511
8260 0.000493
8270 0.000495
8280 0.000493
8290 0.000493
8300 0.000501
8310 0.000505
8320 0.000506
8330 0.000498
8340 0.000502
8350 0.000505
8360 0.000506
8370 0.000498
8380 0.000501
8390 0.000505
8400 0.000505
8410 0.000508
8420 0.000506
8430 0.000512
8440 0.000503
8450 0.000504
8460 0.000506
8470 0.00051
8480 0.000506
8490 0.000508
8500 0.000512
8510 0.000512
8520 0.000545
8530 0.000513
8540 0.000515
8550 0.000506
8560 0.000514
8570 0.000509
8580 0.000514
8590 0.000511
8600 0.000517
8610 0.000522
8620 0.000518
8630 0.000517
8640 0.000517
8650 0.00052
8660 0.000515
8670 0.000517
8680 0.00053
8690 0.000518
8700 0.000525
8710 0.000524
8720 0.000522
8730 0.000522
8740 0.000528
8750 0.000526
8760 0.000518
8770 0.000523
8780 0.000521
8790 0.000524
8800 0.00053
8810 0.000528
8820 0.000527
8830 0.000533
8840 0.000528
8850 0.000529
8860 0.000528
8870 0.000534
8880 0.000527
8890 0.000532
8900 0.000535
8910 0.000536
8920 0.000549
8930 0.000539
8940 0.000532
8950 0.000538
8960 0.000552
8970 0.00053
8980 0.000536
8990 0.000538
9000 0.000538
9010 0.000536
9020 0.000556
9030 0.000539
9040 0.000534
9050 0.000536
9060 0.000538
9070 0.000541
9080 0.00054
9090 0.000562
9100 0.000546
9110 0.000541
9120 0.000541
9130 0.000545
9140 0.000545
9150 0.000569
9160 0.000572
9170 0.000548
9180 0.000547
9190 0.000545
9200 0.000563
9210 0.000549
9220 0.000551
9230 0.000546
9240 0.000549
9250 0.00055
9260 0.000547
9270 0.000551
9280 0.000546
9290 0.000545
9300 0.000552
9310 0.000555
9320 0.000555
9330 0.000556
9340 0.000552
9350 0.000555
9360 0.00055
9370 0.000554
9380 0.000581
9390 0.000551
9400 0.00056
9410 0.000584
9420 0.000559
9430 0.000587
9440 0.000559
9450 0.000558
9460 0.000557
9470 0.000557
9480 0.000558
9490 0.00056
9500 0.000563
9510 0.000565
9520 0.000568
9530 0.000563
9540 0.000566
9550 0.000564
9560 0.000566
9570 0.000566
9580 0.000565
9590 0.000568
9600 0.000569
9610 0.000567
9620 0.000566
9630 0.000567
9640 0.00058
9650 0.000569
9660 0.000572
9670 0.000575
9680 0.000567
9690 0.000619
9700 0.000575
9710 0.000571
9720 0.000575
9730 0.000575
9740 0.000577
9750 0.000575
9760 0.000574
9770 0.000572
9780 0.000574
9790 0.000573
9800 0.000579
9810 0.000576
9820 0.000578
9830 0.000582
9840 0.000579
9850 0.000578
9860 0.000578
9870 0.000579
9880 0.000581
9890 0.000579
9900 0.000636
9910 0.000585
9920 0.000587
9930 0.000584
9940 0.00059
9950 0.000583
9960 0.000588
9970 0.000584
9980 0.000587
9990 0.000589
