500 112.6
510 107.9
520 107.2
530 107.3
540 107.2
550 107.1
560 150.5
570 110.5
580 108.1
590 108.4
600 107.1
610 107.3
620 107.4
630 108.4
640 107.4
650 107.4
660 108.5
670 108.5
680 111
690 147.5
700 110.8
710 109.4
720 108.5
730 111
740 109
750 112.9
760 112.8
770 109.3
780 108.8
790 109
800 109.9
810 109.7
820 109.1
830 110.4
840 108.9
850 110.9
860 114.2
870 111.5
880 111.2
890 110.6
900 110.8
910 110
920 110.1
930 110.2
940 112.6
950 109.8
960 110.4
970 114.3
980 110.4
990 111
1000 126.4
1010 126.1
1020 125.3
1030 125.8
1040 125.4
1050 125.5
1060 125.8
1070 125.6
1080 125.5
1090 126.1
1100 125.7
1110 125.3
1120 127.2
1130 125.5
1140 125.7
1150 126.2
1160 125.8
1170 125.2
1180 126.7
1190 125.9
1200 125.8
1210 126.4
1220 125.8
1230 125.9
1240 126.1
1250 125.7
1260 125.7
1270 127.5
1280 126.1
1290 125.8
1300 126
1310 126.1
1320 126.1
1330 126.1
1340 125.8
1350 125.9
1360 126.6
1370 125.9
1380 125.5
1390 127.5
1400 126
1410 126.4
1420 127.3
1430 125.9
1440 126.1
1450 126.7
1460 126.3
1470 126.6
1480 127
1490 126.4
1500 144.3
1510 141.7
1520 142.7
1530 142.9
1540 142.3
1550 141.8
1560 143
1570 143.6
1580 143.4
1590 142
1600 142.6
1610 142.9
1620 142.3
1630 142.6
1640 142.5
1650 143.2
1660 144.2
1670 142.5
1680 141.9
1690 142.5
1700 142.5
1710 142.6
1720 142.4
1730 143.6
1740 142.4
1750 142.1
1760 142.9
1770 142.3
1780 142.3
1790 142.7
1800 143.9
1810 143.3
1820 142.5
1830 144
1840 144.6
1850 143.4
1860 142.3
1870 143.8
1880 143.6
1890 144.4
1900 142.7
1910 142.4
1920 143.3
1930 142.4
1940 142.9
1950 142.8
1960 144.3
1970 142.9
1980 142.9
1990 142.9
2000 148.9
2010 148.5
2020 149.2
2030 148.2
2040 148
2050 148.9
2060 148.4
2070 148.8
2080 148.2
2090 148.9
2100 148.4
2110 148.4
2120 148.3
2130 148.2
2140 148.2
2150 148
2160 148.1
2170 150.3
2180 148.2
2190 148.3
2200 147.9
2210 152
2220 149.4
2230 147
2240 148.6
2250 147.5
2260 147.7
2270 147.6
2280 147.2
2290 148.3
2300 147.4
2310 148.1
2320 147.3
2330 147.1
2340 147.5
2350 146.9
2360 147.4
2370 146.6
2380 146.4
2390 146.7
2400 146.6
2410 146.7
2420 146.4
2430 146.3
2440 146.8
2450 146.3
2460 147.7
2470 146.4
2480 146.5
2490 146.7
2500 145.5
2510 145.1
2520 144.2
2530 144.5
2540 145
2550 144.4
2560 144.5
2570 144.4
2580 144
2590 144.5
2600 144.6
2610 144.5
2620 144.1
2630 144.8
2640 144.7
2650 144.2
2660 144.4
2670 144.4
2680 144.4
2690 144.7
2700 144.4
2710 144.8
2720 144.2
2730 144.7
2740 144.5
2750 144.4
2760 144.2
2770 144.1
2780 144.5
2790 144.9
2800 143.9
2810 144.6
2820 144.6
2830 144
2840 144.6
2850 144.5
2860 144.6
2870 144.3
2880 144.3
2890 144.7
2900 144.5
2910 146.4
2920 144.4
2930 144.8
2940 144.7
2950 144.9
2960 144.8
2970 144.4
2980 144.4
2990 145.1
3000 149.4
3010 149
3020 149
3030 148.5
3040 148.4
3050 148.4
3060 148.7
3070 148.6
3080 148.5
3090 148.1
3100 148.1
3110 148.8
3120 148.6
3130 148.7
3140 148.5
3150 148.8
3160 148.9
3170 148.8
3180 148.7
3190 148.5
3200 149.1
3210 148.3
3220 148.7
3230 148.9
3240 148.5
3250 148.9
3260 148
3270 148.4
3280 148
3290 148.1
3300 148.4
3310 148.5
3320 148.8
3330 148.3
3340 148.4
3350 149
3360 148.3
3370 148.8
3380 149
3390 148.8
3400 148.8
3410 148.7
3420 148.9
3430 148.3
3440 148.9
3450 148.7
3460 148.7
3470 148.7
3480 148.5
3490 148.5
3500 156.2
3510 154.5
3520 152.3
3530 152.5
3540 152.2
3550 152.4
3560 152.9
3570 152.2
3580 153.4
3590 152.2
3600 153
3610 152.4
3620 152.2
3630 152.5
3640 152.2
3650 153.7
3660 152.4
3670 152.8
3680 152.8
3690 152.2
3700 152.7
3710 151.9
3720 152.6
3730 151.9
3740 152.7
3750 151.9
3760 152
3770 152
3780 151.8
3790 152.9
3800 152.2
3810 152.9
3820 151.8
3830 152.9
3840 152.1
3850 152.5
3860 152.7
3870 152.8
3880 152.8
3890 152.2
3900 152.5
3910 152.3
3920 152.2
3930 152.4
3940 152.3
3950 152.6
3960 152.2
3970 152.6
3980 151.9
3990 152
4000 157.9
4010 157.1
4020 157.9
4030 157.9
4040 157.9
4050 157.7
4060 157.9
4070 157.6
4080 158.1
4090 157.2
4100 157.3
4110 157.6
4120 157.7
4130 158.1
4140 157.6
4150 158.2
4160 157.6
4170 158.7
4180 157.5
4190 157.8
4200 157.7
4210 158.4
4220 157.6
4230 157.6
4240 158.2
4250 158
4260 157.4
4270 157.2
4280 157.6
4290 157.3
4300 157.6
4310 156.9
4320 157.7
4330 157.6
4340 158
4350 157.9
4360 157.3
4370 158
4380 157.3
4390 157.5
4400 171.4
4410 159.2
4420 157.5
4430 157.5
4440 157.5
4450 157.3
4460 156.8
4470 160.1
4480 158.2
4490 157.4
4500 188.1
4510 186.2
4520 186.6
4530 186.5
4540 186.2
4550 186.6
4560 186.7
4570 187.6
4580 185.9
4590 186.9
4600 186.2
4610 186.1
4620 184.7
4630 186.6
4640 190
4650 189.8
4660 185.8
4670 186.6
4680 186.1
4690 186.1
4700 186.7
4710 186.4
4720 187.3
4730 186.3
4740 185.9
4750 185
4760 186.7
4770 185.7
4780 186.5
4790 186.3
4800 186.1
4810 186.4
4820 186.9
4830 186.2
4840 185.6
4850 186.8
4860 186.5
4870 185.7
4880 185.5
4890 186.7
4900 185.6
4910 186.7
4920 185.9
4930 186
4940 186.1
4950 188.3
4960 186.3
4970 186.2
4980 186.3
4990 186.1
5000 190.6
5010 191
5020 190.6
5030 190.3
5040 191.2
5050 190.6
5060 193.8
5070 190.1
5080 190.7
5090 190.6
5100 190.1
5110 190.4
5120 190.4
5130 190.4
5140 190.2
5150 191
5160 189.9
5170 190.3
5180 190.5
5190 190.4
5200 190.5
5210 190.4
5220 190.8
5230 190
5240 190.3
5250 190.4
5260 190.8
5270 192.7
5280 190
5290 190.4
5300 189.4
5310 190.7
5320 190.1
5330 190.7
5340 190.1
5350 190.3
5360 190.1
5370 190.2
5380 190
5390 189.8
5400 190.4
5410 189.9
5420 190.4
5430 189.9
5440 190
5450 189.9
5460 190.8
5470 190.4
5480 189.8
5490 190.9
5500 193.2
5510 193.2
5520 193.9
5530 194.4
5540 193.7
5550 193.6
5560 193.8
5570 193.7
5580 194
5590 197.6
5600 193.7
5610 194.3
5620 193.8
5630 194.4
5640 192.9
5650 194.8
5660 193.7
5670 194.2
5680 193.6
5690 193.4
5700 194
5710 193.8
5720 194.6
5730 192.5
5740 193.3
5750 193.7
5760 193.8
5770 193.1
5780 192.8
5790 193.9
5800 193.9
5810 194
5820 192.6
5830 193
5840 193.3
5850 194
5860 193.4
5870 192.9
5880 194.8
5890 193.6
5900 194
5910 193.3
5920 194.8
5930 194.1
5940 194
5950 193.9
5960 193.2
5970 194.3
5980 193.6
5990 194.5
6000 201
6010 200.8
6020 200.2
6030 200.4
6040 200.2
6050 200.2
6060 199.4
6070 200.2
6080 200.5
6090 201.1
6100 200.1
6110 199.7
6120 200.3
6130 199.5
6140 201
6150 200.7
6160 201.2
6170 200.3
6180 199.6
6190 200.7
6200 199.7
6210 201
6220 200.8
6230 200.6
6240 200.5
6250 199.2
6260 200
6270 199.6
6280 199.9
6290 203.6
6300 200.7
6310 200.8
6320 200
6330 199.9
6340 200
6350 205
6360 201.1
6370 200.9
6380 200.8
6390 200
6400 199.8
6410 200.2
6420 200.4
6430 201
6440 201
6450 200.1
6460 200
6470 200.3
6480 200.5
6490 205
6500 204.1
6510 204.8
6520 204.2
6530 204.1
6540 203.5
6550 202.3
6560 203.8
6570 203.4
6580 203.6
6590 203.7
6600 202.3
6610 203.6
6620 203.7
6630 203.9
6640 203.5
6650 202.5
6660 204
6670 203.7
6680 203.5
6690 203.8
6700 202.6
6710 204.3
6720 203.8
6730 203
6740 203.9
6750 202.5
6760 203.7
6770 203.8
6780 203.4
6790 204
6800 202.9
6810 204.1
6820 204.1
6830 203.4
6840 203.9
6850 202.6
6860 203.8
6870 204.4
6880 203.7
6890 203.9
6900 202.9
6910 204.1
6920 204.2
6930 203.3
6940 203.7
6950 203
6960 204.8
6970 203.9
6980 203.3
6990 203.5
7000 209.2
7010 208.5
7020 210.4
7030 209.1
7040 210.5
7050 224.3
7060 209.2
7070 210.1
7080 209.6
7090 211.4
7100 209.8
7110 209
7120 209.6
7130 210
7140 218.5
7150 210.4
7160 209.6
7170 209.8
7180 209.9
7190 210.2
7200 208.4
7210 209
7220 209.4
7230 209.5
7240 209.8
7250 208.5
7260 209.8
7270 209.5
7280 215.2
7290 210.5
7300 209.2
7310 208.9
7320 210.6
7330 209.4
7340 213.9
7350 210
7360 208.6
7370 210.9
7380 210.1
7390 210
7400 209.9
7410 209.2
7420 210.9
7430 210.1
7440 210
7450 210.4
7460 209.3
7470 209.7
7480 210.1
7490 209.7
7500 212.8
7510 213.5
7520 212.7
7530 213.2
7540 214.3
7550 211.8
7560 212.6
7570 212.4
7580 212.6
7590 213
7600 212.3
7610 212.5
7620 212.7
7630 211.7
7640 212.4
7650 212.7
7660 212.7
7670 213.7
7680 212.6
7690 211.8
7700 212.1
7710 212.5
7720 212
7730 212.3
7740 212
7750 212.5
7760 212.4
7770 212.2
7780 212.9
7790 212.6
7800 212.6
7810 212.8
7820 213
7830 212.1
7840 212.6
7850 213.1
7860 212.1
7870 212.5
7880 212.3
7890 211.8
7900 212.7
7910 212.7
7920 213
7930 214.4
7940 212.8
7950 212.4
7960 212.5
7970 214.5
7980 213
7990 212.5
8000 219.7
8010 219.9
8020 219.6
8030 219.3
8040 218.8
8050 218.7
8060 219.1
8070 219
8080 220
8090 218.6
8100 219.9
8110 219.6
8120 219.5
8130 220.5
8140 219.1
8150 222.5
8160 220.5
8170 219.5
8180 218.4
8190 220.3
8200 219.7
8210 219.5
8220 220.7
8230 220
8240 219.6
8250 219.6
8260 219.6
8270 218.7
8280 219.2
8290 220.2
8300 219.4
8310 220.2
8320 220
8330 219.7
8340 219.4
8350 219
8360 218.8
8370 219
8380 218.9
8390 219.4
8400 219.6
8410 219.4
8420 218.9
8430 220.3
8440 219.4
8450 219.2
8460 219.3
8470 218.4
8480 218.8
8490 218.5
8500 232.4
8510 231.7
8520 231.2
8530 231
8540 231.5
8550 232.2
8560 231.8
8570 231.6
8580 231.5
8590 231.5
8600 232.1
8610 231.9
8620 231.3
8630 231.9
8640 232.1
8650 231.9
8660 231.4
8670 232
8680 231.2
8690 231.9
8700 232
8710 232.2
8720 231.3
8730 231.9
8740 232.4
8750 231.3
8760 231.7
8770 232
8780 232
8790 232.1
8800 231.4
8810 231.9
8820 231.1
8830 231.5
8840 232.5
8850 231.9
8860 231.4
8870 231.6
8880 232.1
8890 231.5
8900 235.6
8910 233.7
8920 232.1
8930 231
8940 233.2
8950 233.1
8960 231.9
8970 232.2
8980 231.9
8990 231.6
9000 236.2
9010 235.9
9020 236.7
9030 235.4
9040 236
9050 236.1
9060 236.5
9070 235.3
9080 239.1
9090 235.4
9100 235.1
9110 235
9120 235.7
9130 235.8
9140 235
9150 235.5
9160 235.7
9170 235.1
9180 235.2
9190 234.8
9200 234.9
9210 235.5
9220 234.9
9230 236.7
9240 235
9250 234.9
9260 235.9
9270 235.5
9280 248.2
9290 239.9
9300 235.8
9310 237.1
9320 237.1
9330 236
9340 235.8
9350 235.3
9360 235.6
9370 234.4
9380 235.2
9390 234.9
9400 234.1
9410 235.8
9420 234.8
9430 235.5
9440 234.5
9450 235.1
9460 236.1
9470 234.7
9480 235.3
9490 234.6
9500 239.1
9510 239.7
9520 238.7
9530 240.4
9540 239.1
9550 239.1
9560 239.5
9570 239.3
9580 238.8
9590 238.2
9600 238.7
9610 239.4
9620 241.6
9630 240.3
9640 239.4
9650 240.3
9660 238.7
9670 240.5
9680 240
9690 239.8
9700 239.2
9710 239
9720 238.6
9730 239.3
9740 238.2
9750 238.8
9760 240
9770 239
9780 239.2
9790 238.7
9800 238.8
9810 239.4
9820 238.4
9830 240.3
9840 238.8
9850 238.7
9860 239.1
9870 238.8
9880 239.5
9890 238.4
9900 238.8
9910 239.3
9920 238.6
9930 239.2
9940 238.2
9950 239.3
9960 239.7
9970 238.7
9980 241.9
9990 238.7
10000 248.3
10010 248.8
10020 248
10030 248.6
10040 248.2
10050 247.8
10060 248.4
10070 247.7
10080 248.6
10090 248
10100 247.9
10110 248.7
10120 247.9
10130 248.1
10140 247.1
10150 247.6
10160 248.7
10170 248.1
10180 248.2
10190 247.4
10200 247.7
10210 248.5
10220 247.4
10230 247.8
10240 247.5
10250 248.2
10260 248.7
10270 248
10280 248.6
10290 247.7
10300 247.4
10310 253.2
10320 247.9
10330 248.6
10340 248.8
10350 248
10360 248
10370 247.6
10380 249.1
10390 247.8
10400 247.6
10410 248.4
10420 247.2
10430 248.3
10440 247.8
10450 247.4
10460 248.1
10470 248.1
10480 248.4
10490 248.1
10500 249
10510 249.9
10520 249.1
10530 249.9
10540 249.5
10550 249.1
10560 249.8
10570 249.6
10580 249.9
10590 248.7
10600 249.3
10610 250.3
10620 248.9
10630 253.4
10640 249.1
10650 249.5
10660 250.3
10670 249.6
10680 249.3
10690 248.4
10700 249.1
10710 250.2
10720 249.5
10730 249.5
10740 248.9
10750 249.3
10760 250.6
10770 249.3
10780 249.7
10790 249.1
10800 249.9
10810 249.8
10820 249.6
10830 249.7
10840 248.9
10850 249.2
10860 249.9
10870 248.6
10880 249.1
10890 248.8
10900 249.4
10910 250
10920 248.7
10930 250.2
10940 249.1
10950 249.2
10960 249.3
10970 249.4
10980 253.4
10990 250.1
11000 257.7
11010 257.8
11020 257.3
11030 258.9
11040 258.4
11050 257.8
11060 258
11070 257.1
11080 257.8
11090 257.2
11100 257.6
11110 258.2
11120 257.4
11130 257.2
11140 257.3
11150 257.9
11160 258.6
11170 257.7
11180 257.6
11190 257.3
11200 257.7
11210 258.3
11220 257.5
11230 258
11240 260.6
11250 258.6
11260 260.1
11270 257.9
11280 258.1
11290 256.9
11300 256.7
11310 258.1
11320 257.7
11330 258.2
11340 256.9
11350 257.1
11360 258.1
11370 257.8
11380 258.3
11390 257.1
11400 257
11410 258
11420 257.5
11430 258
11440 257.4
11450 256.9
11460 257.5
11470 258.1
11480 258.6
11490 257.7
11500 258.9
11510 259.1
11520 258.4
11530 259.7
11540 258.9
11550 259.1
11560 259.6
11570 259.1
11580 259.2
11590 258.6
11600 258.9
11610 260.1
11620 263.4
11630 259.7
11640 259
11650 260.4
11660 260.7
11670 260
11680 259.3
11690 258.6
11700 260.1
11710 260.1
11720 259.8
11730 260.5
11740 258.5
11750 258.6
11760 260.4
11770 259.8
11780 259.8
11790 259
11800 258.7
11810 259.2
11820 259.5
11830 259.5
11840 259
11850 258.9
11860 259.2
11870 259
11880 259.5
11890 259.3
11900 258.6
11910 259.9
11920 258.3
11930 259
11940 259
11950 258.8
11960 259.2
11970 258.8
11980 260.2
11990 259.2
12000 268.4
12010 268.9
12020 267.9
12030 268.6
12040 268.2
12050 268
12060 269.2
12070 268.8
12080 268.3
12090 268.1
12100 268.2
12110 268.4
12120 268
12130 268.9
12140 267.7
12150 267.6
12160 268.8
12170 268.3
12180 268.6
12190 267.8
12200 268.3
12210 269.6
12220 267.9
12230 268.5
12240 273
12250 268.3
12260 268.7
12270 269.1
12280 269.5
12290 268.5
12300 268.3
12310 268.7
12320 267.9
12330 268.3
12340 267.9
12350 268
12360 268.8
12370 268.3
12380 268.6
12390 267.5
12400 267.6
12410 269
12420 267.9
12430 268.7
12440 268.8
12450 268.3
12460 268.5
12470 267.7
12480 268.9
12490 268.2
12500 269.5
12510 271
12520 269.5
12530 274.3
12540 269.5
12550 269.5
12560 271.3
12570 269.9
12580 270.2
12590 269.3
12600 269.3
12610 269.6
12620 269.2
12630 270.9
12640 269.3
12650 269.2
12660 270.6
12670 269.7
12680 270.2
12690 268.9
12700 268.7
12710 270.7
12720 269.8
12730 270.6
12740 269.2
12750 270
12760 269.8
12770 269.9
12780 269.6
12790 269.4
12800 269.6
12810 272
12820 269.5
12830 270
12840 271.6
12850 269.8
12860 270.3
12870 270
12880 271.1
12890 270
12900 270
12910 270.5
12920 269.8
12930 270.1
12940 268.6
12950 269.5
12960 270.6
12970 270
12980 269.6
12990 269.5
13000 284.3
13010 298.2
13020 285.2
13030 287.6
13040 286
13050 285.1
13060 286.5
13070 285.9
13080 286.5
13090 285.5
13100 285.7
13110 286.4
13120 284.4
13130 285.7
13140 284.6
13150 285.1
13160 287.2
13170 286.2
13180 286.4
13190 286.1
13200 285.1
13210 286.5
13220 284.8
13230 285.8
13240 284.9
13250 285
13260 286.7
13270 286.8
13280 286.3
13290 285.3
13300 285.5
13310 285.9
13320 285.1
13330 286.5
13340 284.6
13350 285.6
13360 286.4
13370 285.6
13380 286
13390 284.4
13400 284.8
13410 285.6
13420 290.5
13430 286.6
13440 285.6
13450 286
13460 286.6
13470 285.6
13480 286.8
13490 284.6
13500 279.4
13510 281.8
13520 279.3
13530 280.3
13540 280.1
13550 279.7
13560 280.4
13570 280.4
13580 281
13590 279.5
13600 279.6
13610 280.4
13620 279.1
13630 279.9
13640 280
13650 280.2
13660 280.5
13670 279.6
13680 280.3
13690 279.6
13700 279.4
13710 280
13720 279.1
13730 280.7
13740 280.1
13750 279.4
13760 280.4
13770 279.6
13780 280.4
13790 280
13800 279
13810 280.1
13820 279.7
13830 279.7
13840 279.1
13850 278.9
13860 279.9
13870 281
13880 280.7
13890 279.7
13900 279
13910 280.4
13920 279.8
13930 280.3
13940 279.7
13950 278.9
13960 279.5
13970 279.5
13980 280.5
13990 283.3
14000 297.4
14010 297.2
14020 296.5
14030 297.8
14040 297.3
14050 296.4
14060 298.1
14070 295.9
14080 297.1
14090 297.5
14100 296.8
14110 297
14120 297
14130 297.3
14140 296.7
14150 295.6
14160 296.8
14170 296.2
14180 296.6
14190 295.9
14200 296
14210 296.7
14220 295.9
14230 298.6
14240 297
14250 296.6
14260 297.9
14270 296.8
14280 300.8
14290 296.8
14300 295.1
14310 297.5
14320 297.1
14330 297.4
14340 297.5
14350 296.9
14360 297.4
14370 296.5
14380 297.5
14390 296.8
14400 295.9
14410 297.9
14420 296.1
14430 296.4
14440 295.6
14450 296.6
14460 297.7
14470 295.9
14480 297.5
14490 297.1
14500 289.8
14510 292.3
14520 290.9
14530 290.7
14540 294.3
14550 290.7
14560 290.8
14570 290.1
14580 291
14590 290.5
14600 289.7
14610 290.4
14620 303.2
14630 290.8
14640 290.3
14650 289.8
14660 290.3
14670 289.1
14680 289.5
14690 290
14700 288.6
14710 290
14720 289.7
14730 290.8
14740 289.4
14750 294.1
14760 291
14770 291.9
14780 291.8
14790 291.8
14800 291.6
14810 292.1
14820 291.7
14830 293
14840 292
14850 291.6
14860 292.3
14870 296.8
14880 294
14890 291.5
14900 292
14910 290.2
14920 289.4
14930 290.3
14940 289.6
14950 289.1
14960 291.7
14970 290.3
14980 290.2
14990 289.9
15000 298.5
15010 299.1
15020 299.4
15030 299.3
15040 298
15050 299.5
15060 299.1
15070 298.3
15080 303
15090 299.1
15100 298.6
15110 299.4
15120 298.8
15130 298.8
15140 298.6
15150 298.7
15160 299.6
15170 299
15180 299.3
15190 298.1
15200 298.5
15210 299.1
15220 298.4
15230 298.9
15240 298.3
15250 298.2
15260 299.1
15270 298.9
15280 299
15290 298.2
15300 298.2
15310 299.1
15320 298.7
15330 299
15340 298.3
15350 299.2
15360 299
15370 298.2
15380 299
15390 298.5
15400 298.4
15410 298.7
15420 297.8
15430 298.9
15440 297.6
15450 298.7
15460 303.2
15470 298.2
15480 298.9
15490 297.8
15500 299
15510 299.4
15520 299
15530 299.8
15540 298.8
15550 300.5
15560 301.8
15570 300.8
15580 301
15590 300.3
15600 299.1
15610 301.3
15620 300.9
15630 301.1
15640 300.4
15650 301.2
15660 301.3
15670 301.5
15680 301.7
15690 300.9
15700 300.7
15710 300.9
15720 301
15730 301.5
15740 301.1
15750 300.8
15760 301.7
15770 298.7
15780 298.9
15790 298.6
15800 298.8
15810 299.8
15820 299.3
15830 299.4
15840 300.5
15850 301.1
15860 301.7
15870 300.5
15880 302.6
15890 300.4
15900 300.3
15910 300.8
15920 300.1
15930 301.2
15940 301
15950 300.6
15960 301.3
15970 300.8
15980 300.8
15990 300.1
16000 308.9
16010 310.8
16020 309.1
16030 309.8
16040 309.6
16050 310.7
16060 311.2
16070 310.1
16080 310.4
16090 310.3
16100 309.9
16110 311.3
16120 309.5
16130 313.4
16140 321.9
16150 313.4
16160 311.2
16170 311.6
16180 310.9
16190 310
16200 310.1
16210 310.9
16220 309.8
16230 310.7
16240 309.8
16250 310.3
16260 311.2
16270 310.2
16280 310.2
16290 310.2
16300 309.2
16310 310.1
16320 309.5
16330 309.9
16340 309.1
16350 309.7
16360 310.3
16370 310.5
16380 310.8
16390 309.8
16400 309.6
16410 310.3
16420 309.6
16430 309.7
16440 309.4
16450 309.5
16460 310.4
16470 310.1
16480 310.4
16490 309.3
16500 326.1
16510 326.9
16520 326.9
16530 326.7
16540 326.7
16550 326.6
16560 326.2
16570 326
16580 326.4
16590 326.9
16600 326.7
16610 327
16620 328.5
16630 329.2
16640 327.3
16650 327.5
16660 327.1
16670 328.2
16680 327.1
16690 328.3
16700 325.9
16710 326.3
16720 326.4
16730 326.6
16740 326.7
16750 326.2
16760 326.2
16770 328.1
16780 326.5
16790 326.9
16800 326.2
16810 326.3
16820 326.6
16830 325.9
16840 326.2
16850 326.8
16860 326.8
16870 326.3
16880 326.3
16890 326.5
16900 326.8
16910 327.9
16920 326.6
16930 326.5
16940 326.6
16950 326.2
16960 326
16970 326.5
16980 326.7
16990 326.6
17000 346.9
17010 346.5
17020 346.8
17030 345.8
17040 345.9
17050 344.9
17060 346.8
17070 345.2
17080 347.2
17090 346
17100 348.3
17110 348.6
17120 347.2
17130 345.7
17140 347.1
17150 345.9
17160 345.9
17170 346.1
17180 347.4
17190 347.2
17200 345.5
17210 345.4
17220 346
17230 346.1
17240 346.5
17250 346.5
17260 345.6
17270 346.2
17280 345.5
17290 345.1
17300 346.6
17310 345.6
17320 346.7
17330 345.4
17340 346.4
17350 346.9
17360 344.4
17370 345.5
17380 346.1
17390 346.3
17400 346.5
17410 345.4
17420 346.8
17430 345.7
17440 344.2
17450 345.6
17460 347.1
17470 346.2
17480 345.9
17490 346.7
17500 350
17510 347.5
17520 359.4
17530 351.3
17540 348.3
17550 352.1
17560 348.2
17570 349.9
17580 350.8
17590 350.1
17600 349
17610 351.1
17620 348.6
17630 350.4
17640 347.7
17650 348.7
17660 349.5
17670 350.5
17680 348.4
17690 349.6
17700 348.6
17710 348.9
17720 349
17730 349.2
17740 350.5
17750 349
17760 349.3
17770 349.4
17780 347.9
17790 349.1
17800 349
17810 348.9
17820 350.1
17830 349.1
17840 348.1
17850 349.2
17860 349.3
17870 349.8
17880 349.9
17890 349.4
17900 348.6
17910 348.6
17920 347.9
17930 348.8
17940 353.9
17950 349.3
17960 348.5
17970 349.3
17980 349.2
17990 348.4
18000 357.2
18010 357.1
18020 360.7
18030 357.7
18040 357.3
18050 356.4
18060 357.8
18070 358
18080 357.8
18090 356.7
18100 357.1
18110 357.2
18120 355.9
18130 355.3
18140 357
18150 356.1
18160 356.8
18170 357.2
18180 356.8
18190 357.5
18200 357
18210 356.3
18220 357.3
18230 357.6
18240 356.4
18250 356.2
18260 358.7
18270 357.2
18280 358.1
18290 356.8
18300 357.3
18310 361.9
18320 356.6
18330 358.9
18340 357.4
18350 358
18360 357.3
18370 355.9
18380 359.6
18390 358.2
18400 359
18410 359.3
18420 359.6
18430 356.5
18440 357
18450 356.6
18460 362.6
18470 361
18480 358.4
18490 358
18500 362
18510 360.7
18520 359.5
18530 359.5
18540 359.4
18550 361.1
18560 360.5
18570 362.3
18580 365.9
18590 359.4
18600 360.1
18610 360.4
18620 360.3
18630 361.1
18640 360
18650 360.3
18660 359.4
18670 359.4
18680 362
18690 360.9
18700 362.1
18710 360.7
18720 360.5
18730 361.1
18740 359.4
18750 360.5
18760 360
18770 360.9
18780 360
18790 358.7
18800 369.9
18810 365
18820 360.8
18830 359.4
18840 360.3
18850 359.7
18860 361.1
18870 361.1
18880 360.4
18890 360.7
18900 364.2
18910 362.5
18920 361.6
18930 363.1
18940 360.4
18950 359.9
18960 361.4
18970 360.2
18980 362.1
18990 359.3
19000 357
19010 357.6
19020 357.6
19030 357.5
19040 356.8
19050 357.5
19060 357.1
19070 357.5
19080 357.2
19090 356.6
19100 357.5
19110 357.5
19120 357.5
19130 357.5
19140 356.9
19150 357.6
19160 357.3
19170 357.4
19180 357.1
19190 356.9
19200 357.3
19210 357.3
19220 357.6
19230 358.1
19240 356.7
19250 357.8
19260 358.1
19270 357.5
19280 357.6
19290 357.5
19300 357.2
19310 357.4
19320 357.6
19330 359.7
19340 358.5
19350 358.1
19360 357.3
19370 358.1
19380 357.6
19390 357.2
19400 357.3
19410 357.2
19420 357.3
19430 358.4
19440 357.4
19450 357.1
19460 358.2
19470 357.5
19480 357.7
19490 357.1
19500 357.8
19510 357.8
19520 357.9
19530 357.8
19540 357.6
19550 357.5
19560 356.8
19570 357.7
19580 357.6
19590 356.8
19600 357
19610 357.6
19620 357.4
19630 357.5
19640 356.5
19650 356.8
19660 357.2
19670 356.8
19680 357.1
19690 356.9
19700 357.4
19710 357.7
19720 357.2
19730 357.5
19740 357.4
19750 357.2
19760 357.4
19770 360.3
19780 358
19790 358.1
19800 358.4
19810 357.9
19820 357.8
19830 357.5
19840 357.6
19850 357.2
19860 357.8
19870 357.6
19880 357.3
19890 357.5
19900 357.4
19910 357.9
19920 357.7
19930 357.2
19940 357.7
19950 357.4
19960 356.9
19970 356.9
19980 357.1
19990 357.1
20000 368.2
20010 368.4
20020 368
20030 368.5
20040 367.5
20050 379.4
20060 371.2
20070 368.2
20080 368.3
20090 368.4
20100 368.6
20110 368.5
20120 367.8
20130 367.3
20140 368.2
20150 368.5
20160 368.5
20170 368.1
20180 368.4
20190 367.7
20200 370.8
20210 368.4
20220 369.2
20230 368.3
20240 368
20250 368.2
20260 368.1
20270 367.8
20280 367.5
20290 367.8
20300 368.3
20310 368.9
20320 367.8
20330 368
20340 368.3
20350 367.8
20360 367.6
20370 367.2
20380 368.1
20390 368.6
20400 367.8
20410 367.9
20420 368.2
20430 368.4
20440 367.9
20450 368.2
20460 368.1
20470 368
20480 367.7
20490 368
20500 367.7
20510 367.3
20520 366.8
20530 367.4
20540 367.8
20550 367.3
20560 367.5
20570 367.5
20580 368.7
20590 367.5
20600 367.5
20610 366.8
20620 371.2
20630 367.6
20640 367.2
20650 368.3
20660 368
20670 367.5
20680 367.7
20690 367.7
20700 367.8
20710 367.5
20720 367.7
20730 368
20740 367.5
20750 367.4
20760 368
20770 367.4
20780 367.4
20790 367.5
20800 367.2
20810 367.4
20820 368.1
20830 367.3
20840 367.8
20850 367
20860 367.9
20870 367.3
20880 367.7
20890 367.3
20900 367.5
20910 367
20920 367.8
20930 367.7
20940 368
20950 367.4
20960 368.1
20970 367
20980 367.8
20990 368
21000 377.6
21010 376.5
21020 382.6
21030 377.9
21040 378.2
21050 378.1
21060 377.9
21070 378.1
21080 377.1
21090 377.5
21100 377.5
21110 377
21120 377.4
21130 377.9
21140 378.5
21150 377.5
21160 377.8
21170 378.4
21180 377.4
21190 377
21200 377
21210 383.5
21220 378
21230 377.6
21240 376.7
21250 390
21260 379.3
21270 378.4
21280 377.2
21290 377.3
21300 377.7
21310 378
21320 376.8
21330 377
21340 377.6
21350 377.9
21360 377.3
21370 376.8
21380 377.7
21390 377.8
21400 377.3
21410 376.3
21420 377.3
21430 378.2
21440 382
21450 377.9
21460 377.7
21470 377.9
21480 378.4
21490 378
21500 377
21510 377.1
21520 377.5
21530 378
21540 377.6
21550 377.2
21560 377.5
21570 377.7
21580 376.8
21590 378
21600 377.2
21610 376.7
21620 377.1
21630 376.1
21640 376.8
21650 377.1
21660 376.3
21670 376.6
21680 377
21690 377.4
21700 378.5
21710 377.9
21720 377.2
21730 378.1
21740 377.5
21750 377.3
21760 377.3
21770 377.6
21780 376.9
21790 376.3
21800 376.5
21810 376.6
21820 376.9
21830 376.8
21840 377.1
21850 378.8
21860 378
21870 378.7
21880 377.3
21890 378.2
21900 377.9
21910 377.9
21920 377.6
21930 377.7
21940 377.2
21950 377.1
21960 376.5
21970 376.7
21980 376.7
21990 376.2
22000 387.9
22010 388.6
22020 388.3
22030 388
22040 387.5
22050 387.7
22060 388.5
22070 388.9
22080 388.1
22090 388.1
22100 388.5
22110 388.4
22120 387.8
22130 387.7
22140 388.9
22150 387.7
22160 388.2
22170 387.8
22180 388.1
22190 388.9
22200 388.1
22210 388
22220 388.4
22230 388.4
22240 387.8
22250 390.5
22260 388.8
22270 388.9
22280 388.8
22290 387.4
22300 388.2
22310 389.3
22320 388.3
22330 388
22340 388.5
22350 388.4
22360 388.1
22370 387.7
22380 388.3
22390 388.1
22400 388.1
22410 392.1
22420 388.8
22430 389.2
22440 390.7
22450 387.9
22460 389.1
22470 388.2
22480 388.2
22490 388.3
22500 387.8
22510 387.5
22520 388.5
22530 387.7
22540 387.6
22550 388
22560 387.9
22570 387.3
22580 387.3
22590 387.6
22600 387.5
22610 387.5
22620 387.9
22630 387.5
22640 391
22650 388.3
22660 388.7
22670 388.3
22680 387.9
22690 387.4
22700 387.5
22710 389
22720 387.8
22730 388.3
22740 387.8
22750 388.7
22760 387.4
22770 388.2
22780 387.5
22790 387.6
22800 388
22810 387.9
22820 388.1
22830 388.2
22840 387.5
22850 387.5
22860 387.7
22870 387.6
22880 387.2
22890 388.4
22900 387.8
22910 387.6
22920 387.8
22930 387.8
22940 387.4
22950 387.6
22960 387.7
22970 387.3
22980 386.8
22990 387.3
23000 396.9
23010 397.3
23020 397.3
23030 401
23040 397.2
23050 397.6
23060 399
23070 397
23080 397.5
23090 397
23100 397.1
23110 397.6
23120 397.3
23130 396.5
23140 397.8
23150 398
23160 396.4
23170 396.9
23180 397.2
23190 397.4
23200 396.6
23210 396.9
23220 397.1
23230 396.1
23240 397
23250 396.8
23260 397.1
23270 397
23280 396.9
23290 396.4
23300 397.4
23310 396.9
23320 396.5
23330 396.9
23340 396.6
23350 396.8
23360 396.4
23370 397.2
23380 397.7
23390 397.6
23400 397.2
23410 401.8
23420 397.9
23430 398.2
23440 398.1
23450 397.7
23460 397.1
23470 397.3
23480 397
23490 397
23500 396.8
23510 396.8
23520 408.1
23530 397.8
23540 398.2
23550 400.6
23560 397.4
23570 396.9
23580 397.1
23590 396.6
23600 397
23610 397.2
23620 396.8
23630 397.3
23640 397.8
23650 396.8
23660 396.3
23670 396.5
23680 397.3
23690 397.4
23700 395.8
23710 396.8
23720 397.7
23730 397.2
23740 397
23750 396.8
23760 397.3
23770 397.3
23780 397.3
23790 400.5
23800 397.9
23810 398
23820 397.5
23830 396.5
23840 397.1
23850 398.2
23860 397.2
23870 396.9
23880 397.2
23890 396.8
23900 396.7
23910 396.1
23920 396.8
23930 397.3
23940 397.2
23950 397.1
23960 397.6
23970 397.2
23980 396.5
23990 395.7
24000 408.6
24010 408.7
24020 408.6
24030 409.1
24040 408.6
24050 408.5
24060 408.5
24070 410
24080 408.6
24090 409.1
24100 409
24110 408.3
24120 408.2
24130 408.4
24140 409.3
24150 409.3
24160 410.2
24170 409.8
24180 410.4
24190 409.9
24200 409.8
24210 408.2
24220 409.3
24230 408.8
24240 408.2
24250 408.4
24260 408.9
24270 409.8
24280 409.5
24290 408.4
24300 409.3
24310 409.2
24320 408.5
24330 409.6
24340 409.4
24350 409.3
24360 408.7
24370 409.6
24380 409.4
24390 409.3
24400 408.4
24410 409.1
24420 409
24430 409.4
24440 408.8
24450 408.6
24460 409.6
24470 409
24480 408.8
24490 408.9
24500 407.7
24510 408.2
24520 407.9
24530 407.7
24540 409.4
24550 409.8
24560 408.7
24570 408.1
24580 407.9
24590 407.6
24600 410.6
24610 408
24620 410.1
24630 408.5
24640 408.5
24650 408.2
24660 407.7
24670 407.4
24680 408.6
24690 407.6
24700 407.5
24710 407.9
24720 407.8
24730 408.5
24740 408
24750 408.2
24760 408.3
24770 408.6
24780 407.5
24790 408
24800 407.9
24810 407.1
24820 408.5
24830 407.3
24840 407.9
24850 407.6
24860 408.2
24870 408.5
24880 408
24890 407.2
24900 411
24910 408.2
24920 408.5
24930 408.6
24940 407.9
24950 408.6
24960 408.2
24970 407.7
24980 407.6
24990 408
25000 418.2
25010 417.6
25020 418.4
25030 418
25040 418.3
25050 418.1
25060 418.3
25070 417.8
25080 417.8
25090 417
25100 418.1
25110 418
25120 417.8
25130 417.3
25140 417.9
25150 417.4
25160 417.4
25170 416.7
25180 417.8
25190 418
25200 417.6
25210 417.2
25220 418.2
25230 417.8
25240 417.3
25250 417.6
25260 418
25270 417.3
25280 417.3
25290 417.2
25300 417.3
25310 418.4
25320 417.5
25330 417.6
25340 417.7
25350 417.2
25360 416.7
25370 417.1
25380 418.1
25390 417.9
25400 417.1
25410 417.4
25420 418.2
25430 419
25440 417.6
25450 417.3
25460 418.2
25470 417.5
25480 417.2
25490 417.3
25500 417.9
25510 417.3
25520 417
25530 417.3
25540 416.9
25550 424.3
25560 417.2
25570 418
25580 417.3
25590 416.9
25600 417.5
25610 416.9
25620 419.8
25630 418.5
25640 423
25650 418.4
25660 420.2
25670 417
25680 417.3
25690 416.8
25700 417.1
25710 417.4
25720 417.4
25730 417.5
25740 417.3
25750 417.3
25760 417.1
25770 417.2
25780 416.6
25790 416.7
25800 418
25810 417.1
25820 417.4
25830 417.2
25840 417.8
25850 417
25860 417.4
25870 416.8
25880 417.2
25890 417
25900 417.4
25910 417.3
25920 417.4
25930 417.1
25940 417.6
25950 417
25960 417.2
25970 417.6
25980 418.9
25990 418.2
26000 429.9
26010 430.6
26020 430.1
26030 430.1
26040 429.4
26050 428.7
26060 430.4
26070 430.1
26080 429.9
26090 429.8
26100 430
26110 429.3
26120 428.8
26130 429.6
26140 430.1
26150 430.1
26160 428.9
26170 428.6
26180 429.5
26190 428.7
26200 428.7
26210 428.9
26220 429.8
26230 429.6
26240 429.5
26250 429.4
26260 429.7
26270 432.2
26280 429.5
26290 429.2
26300 430
26310 429.8
26320 428.7
26330 434.6
26340 430.6
26350 429.9
26360 429.4
26370 429.3
26380 429.9
26390 430.8
26400 429.2
26410 429.4
26420 430.4
26430 429.9
26440 428.6
26450 428.8
26460 430.1
26470 430.4
26480 429.5
26490 430.2
26500 428
26510 428.5
26520 427.3
26530 428.3
26540 428.4
26550 427.7
26560 428
26570 428.1
26580 428.2
26590 427.6
26600 428.4
26610 427.9
26620 428.1
26630 428.4
26640 427.6
26650 430.2
26660 429
26670 431.5
26680 428.9
26690 429.8
26700 429.1
26710 428.4
26720 428.1
26730 428.8
26740 429.1
26750 427.6
26760 428.8
26770 427.6
26780 428.6
26790 428.1
26800 429.2
26810 428.2
26820 428.1
26830 428
26840 428.6
26850 427.2
26860 428
26870 428.5
26880 427.8
26890 427.8
26900 428.5
26910 428.1
26920 428.2
26930 428.1
26940 427.9
26950 428.1
26960 427.6
26970 427.1
26980 428.4
26990 427.2
27000 438.9
27010 438.3
27020 444.3
27030 440
27040 439.8
27050 438.6
27060 439.1
27070 439.9
27080 438.9
27090 438.6
27100 439.1
27110 439.8
27120 438.8
27130 438.8
27140 439.2
27150 439.3
27160 439.3
27170 438.7
27180 439.4
27190 438.5
27200 438.9
27210 438.9
27220 440.7
27230 439.4
27240 439.1
27250 438.3
27260 439.8
27270 438.5
27280 438.7
27290 439.8
27300 440
27310 439.8
27320 439.1
27330 438.7
27340 439.3
27350 439.3
27360 440
27370 440.4
27380 439.7
27390 439.7
27400 438.6
27410 438.8
27420 440.3
27430 439.9
27440 439.4
27450 438.6
27460 439.6
27470 438.8
27480 439
27490 438.6
27500 438.6
27510 438.5
27520 439.4
27530 439.9
27540 441.1
27550 438.4
27560 441.9
27570 439.9
27580 438.4
27590 439.2
27600 439.8
27610 439.4
27620 450
27630 439.4
27640 442
27650 440
27660 439.2
27670 439.2
27680 439.4
27690 443.6
27700 440.3
27710 440.3
27720 440.1
27730 438.9
27740 439.2
27750 438.6
27760 439.8
27770 438.7
27780 438.6
27790 438.9
27800 438.9
27810 439.3
27820 439.3
27830 439.1
27840 439
27850 439.1
27860 439.1
27870 438.7
27880 439.3
27890 439.3
27900 439.2
27910 439.2
27920 438.8
27930 439.4
27940 440.3
27950 439.2
27960 439
27970 439.5
27980 439.3
27990 439.6
28000 450.8
28010 452.5
28020 452.6
28030 455.1
28040 451.4
28050 451.4
28060 452.6
28070 452.3
28080 451.6
28090 451.7
28100 452.1
28110 451
28120 451.1
28130 450.9
28140 451.3
28150 451.7
28160 451.4
28170 451.9
28180 451.9
28190 452
28200 451.3
28210 450.8
28220 452.1
28230 451.8
28240 451
28250 451.4
28260 451.8
28270 451
28280 451.7
28290 450.8
28300 451.4
28310 451.7
28320 450.9
28330 450.8
28340 451.4
28350 453.4
28360 452.1
28370 451.8
28380 452.4
28390 451.8
28400 451.5
28410 451.1
28420 451.6
28430 452.1
28440 451.4
28450 451.4
28460 452.5
28470 451.4
28480 451.2
28490 451.8
28500 450.1
28510 450.6
28520 449.6
28530 450.9
28540 450.4
28550 450.9
28560 450.1
28570 461.4
28580 451
28590 452.3
28600 449.7
28610 450.5
28620 449.5
28630 449.7
28640 449.6
28650 451
28660 450.2
28670 449.6
28680 453.6
28690 450.1
28700 449.5
28710 450.5
28720 449.8
28730 450.9
28740 449.1
28750 449.9
28760 450.3
28770 450.6
28780 449.8
28790 450.4
28800 449.9
28810 450.7
28820 451.6
28830 450.4
28840 449.3
28850 450.6
28860 449.7
28870 450.5
28880 449.7
28890 450.2
28900 449.4
28910 449.9
28920 449.9
28930 450.4
28940 449.8
28950 450.5
28960 450.4
28970 450.4
28980 450.2
28990 450.1
29000 461.9
29010 463.7
29020 464.8
29030 465.2
29040 462.6
29050 462.5
29060 465.3
29070 464.4
29080 461.6
29090 462.2
29100 463.8
29110 464.1
29120 462
29130 462.3
29140 466.4
29150 464.8
29160 462.1
29170 462.3
29180 464.9
29190 463.3
29200 462.5
29210 462.5
29220 464.1
29230 464.2
29240 462.5
29250 462.3
29260 465.4
29270 463.6
29280 461.9
29290 462.1
29300 464.3
29310 463.5
29320 464.6
29330 463.1
29340 464.7
29350 464.4
29360 461.6
29370 463.1
29380 463.2
29390 464.7
29400 463
29410 462.2
29420 464.7
29430 464.2
29440 462.8
29450 462.6
29460 464.3
29470 464.1
29480 464.4
29490 462.6
29500 465.2
29510 465.7
29520 465
29530 464.8
29540 465.7
29550 464.7
29560 465.1
29570 465.7
29580 465.3
29590 465.1
29600 465.1
29610 464.5
29620 465.1
29630 465.5
29640 470
29650 465.4
29660 466.8
29670 465.4
29680 465.5
29690 465.2
29700 465.1
29710 464.8
29720 465.2
29730 466.1
29740 465.1
29750 465.6
29760 465.4
29770 464.7
29780 464.9
29790 464.4
29800 466.5
29810 465.8
29820 465.3
29830 465.8
29840 465.2
29850 464.9
29860 465.1
29870 464.3
29880 465.7
29890 465.4
29900 464.9
29910 465.6
29920 465.5
29930 465.1
29940 465.1
29950 464.9
29960 467.2
29970 466.9
29980 465.7
29990 465.5
