100 0.002482
110 0.002452
120 0.002513
130 0.002459
140 0.002453
150 0.002458
160 0.002449
170 0.002455
180 0.002453
190 0.002467
200 0.002548
210 0.002543
220 0.002546
230 0.002554
240 0.002552
250 0.002546
260 0.002556
270 0.002538
280 0.002541
290 0.002561
300 0.002794
310 0.002783
320 0.002792
330 0.002777
340 0.00284
350 0.002784
360 0.002792
370 0.002793
380 0.002783
390 0.002786
400 0.0026
410 0.002598
420 0.002606
430 0.002603
440 0.002594
450 0.002599
460 0.002617
470 0.002605
480 0.002602
490 0.002606
500 0.002817
510 0.002799
520 0.002801
530 0.002819
540 0.002798
550 0.002811
560 0.002805
570 0.002791
580 0.002793
590 0.002799
600 0.002713
610 0.002713
620 0.002702
630 0.002705
640 0.002709
650 0.00271
660 0.002708
670 0.0027
680 0.002703
690 0.00271
700 0.002866
710 0.002865
720 0.002859
730 0.00286
740 0.002861
750 0.002865
760 0.002862
770 0.002863
780 0.002868
790 0.002859
800 0.002807
810 0.002808
820 0.002807
830 0.002803
840 0.002804
850 0.002799
860 0.002804
870 0.002809
880 0.002803
890 0.002801
900 0.002826
910 0.002816
920 0.002819
930 0.002826
940 0.002824
950 0.002815
960 0.002818
970 0.002823
980 0.002826
990 0.002825
1000 0.002866
1010 0.002887
1020 0.002875
1030 0.002868
1040 0.002886
1050 0.002854
1060 0.002896
1070 0.002894
1080 0.002879
1090 0.00287
1100 0.002921
1110 0.002926
1120 0.002927
1130 0.00293
1140 0.002925
1150 0.002927
1160 0.002934
1170 0.002932
1180 0.002931
1190 0.002931
1200 0.003055
1210 0.003058
1220 0.003047
1230 0.003036
1240 0.003043
1250 0.003048
1260 0.003057
1270 0.003043
1280 0.003063
1290 0.003058
1300 0.003046
1310 0.003036
1320 0.003042
1330 0.003039
1340 0.003042
1350 0.00305
1360 0.003041
1370 0.003035
1380 0.003034
1390 0.003056
1400 0.003105
1410 0.003106
1420 0.003116
1430 0.003111
1440 0.003116
1450 0.003116
1460 0.003116
1470 0.003141
1480 0.003112
1490 0.003116
1500 0.003146
1510 0.003128
1520 0.003138
1530 0.003153
1540 0.003135
1550 0.00313
1560 0.00315
1570 0.003122
1580 0.003133
1590 0.003146
1600 0.003181
1610 0.003185
1620 0.003182
1630 0.003166
1640 0.003177
1650 0.003181
1660 0.003179
1670 0.003169
1680 0.003166
1690 0.003185
1700 0.003275
1710 0.003268
1720 0.003285
1730 0.003279
1740 0.003279
1750 0.003273
1760 0.003277
1770 0.003265
1780 0.003284
1790 0.003278
1800 0.003358
1810 0.003312
1820 0.003331
1830 0.003345
1840 0.003317
1850 0.003357
1860 0.003328
1870 0.003335
1880 0.003339
1890 0.00334
1900 0.003387
1910 0.003378
1920 0.003387
1930 0.003367
1940 0.003398
1950 0.003374
1960 0.00338
1970 0.003385
1980 0.003392
1990 0.003387
2000 0.00346
2010 0.003466
2020 0.003495
2030 0.003471
2040 0.003445
2050 0.003471
2060 0.003474
2070 0.00348
2080 0.003472
2090 0.003442
2100 0.003515
2110 0.003508
2120 0.003525
2130 0.003552
2140 0.003517
2150 0.003546
2160 0.003515
2170 0.003515
2180 0.003521
2190 0.003522
2200 0.00359
2210 0.003579
2220 0.003568
2230 0.003587
2240 0.003598
2250 0.003586
2260 0.003558
2270 0.003594
2280 0.003583
2290 0.003585
2300 0.003648
2310 0.003652
2320 0.003645
2330 0.003652
2340 0.003653
2350 0.003641
2360 0.003636
2370 0.003633
2380 0.003622
2390 0.003636
2400 0.003716
2410 0.003687
2420 0.003703
2430 0.003703
2440 0.003692
2450 0.003697
2460 0.003709
2470 0.003711
2480 0.003702
2490 0.003696
2500 0.003753
2510 0.003778
2520 0.00373
2530 0.003746
2540 0.003754
2550 0.003744
2560 0.003727
2570 0.003744
2580 0.003741
2590 0.003742
2600 0.003791
2610 0.003794
2620 0.003788
2630 0.003797
2640 0.003789
2650 0.003804
2660 0.003789
2670 0.003769
2680 0.003795
2690 0.003795
2700 0.003856
2710 0.003857
2720 0.003845
2730 0.003848
2740 0.003867
2750 0.003896
2760 0.003848
2770 0.003858
2780 0.003842
2790 0.003834
2800 0.003903
2810 0.003916
2820 0.003908
2830 0.003892
2840 0.003903
2850 0.003912
2860 0.003907
2870 0.003921
2880 0.003907
2890 0.003915
2900 0.003981
2910 0.003969
2920 0.003972
2930 0.003979
2940 0.00395
2950 0.00396
2960 0.003951
2970 0.003994
2980 0.00399
2990 0.003966
3000 0.004039
3010 0.004027
3020 0.004062
3030 0.004034
3040 0.004034
3050 0.004038
3060 0.004031
3070 0.004029
3080 0.004028
3090 0.004041
3100 0.004099
3110 0.004119
3120 0.004094
3130 0.004084
3140 0.004099
3150 0.004117
3160 0.0041
3170 0.004111
3180 0.004093
3190 0.00409
3200 0.004183
3210 0.004165
3220 0.004167
3230 0.00417
3240 0.004193
3250 0.004205
3260 0.004171
3270 0.004154
3280 0.004187
3290 0.004173
3300 0.004212
3310 0.004275
3320 0.004253
3330 0.004258
3340 0.004252
3350 0.004243
3360 0.004258
3370 0.004245
3380 0.004253
3390 0.004259
3400 0.004306
3410 0.004314
3420 0.004292
3430 0.004286
3440 0.004299
3450 0.00428
3460 0.004311
3470 0.004324
3480 0.004325
3490 0.004305
3500 0.004317
3510 0.004345
3520 0.004351
3530 0.004343
3540 0.004329
3550 0.004329
3560 0.004344
3570 0.004322
3580 0.004352
3590 0.004336
3600 0.004404
3610 0.004392
3620 0.004385
3630 0.004401
3640 0.004413
3650 0.004397
3660 0.004385
3670 0.004375
3680 0.004395
3690 0.004405
3700 0.004446
3710 0.004459
3720 0.004458
3730 0.004471
3740 0.004449
3750 0.004461
3760 0.004452
3770 0.00445
3780 0.00446
3790 0.004477
3800 0.004516
3810 0.004529
3820 0.004506
3830 0.00452
3840 0.004517
3850 0.004515
3860 0.004513
3870 0.004521
3880 0.004532
3890 0.004535
3900 0.004586
3910 0.004584
3920 0.00459
3930 0.004592
3940 0.004601
3950 0.004587
3960 0.00461
3970 0.004579
3980 0.004596
3990 0.004611
4000 0.004682
4010 0.004682
4020 0.004674
4030 0.004665
4040 0.004656
4050 0.004672
4060 0.004656
4070 0.004637
4080 0.004658
4090 0.004668
4100 0.004712
4110 0.004732
4120 0.004739
4130 0.004752
4140 0.004742
4150 0.004731
4160 0.004733
4170 0.004735
4180 0.004746
4190 0.004765
4200 0.004816
4210 0.004818
4220 0.004804
4230 0.004821
4240 0.004831
4250 0.004811
4260 0.004833
4270 0.004833
4280 0.00483
4290 0.004806
4300 0.004943
4310 0.004924
4320 0.004903
4330 0.00494
4340 0.004904
4350 0.00489
4360 0.004928
4370 0.004911
4380 0.004934
4390 0.004892
4400 0.004985
4410 0.005027
4420 0.004982
4430 0.00499
4440 0.004989
4450 0.004969
4460 0.004988
4470 0.004992
4480 0.005008
4490 0.004989
4500 0.005055
4510 0.005087
4520 0.0051
4530 0.005088
4540 0.005066
4550 0.005063
4560 0.00507
4570 0.005092
4580 0.005082
4590 0.005072
4600 0.005164
4610 0.005188
4620 0.005189
4630 0.005177
4640 0.00517
4650 0.005175
4660 0.005183
4670 0.005155
4680 0.00516
4690 0.005172
4700 0.005276
4710 0.00524
4720 0.005276
4730 0.005245
4740 0.005267
4750 0.005281
4760 0.005291
4770 0.005255
4780 0.005252
4790 0.005268
4800 0.005362
4810 0.005339
4820 0.005375
4830 0.005338
4840 0.005354
4850 0.005365
4860 0.005343
4870 0.005373
4880 0.005342
4890 0.005333
4900 0.005407
4910 0.005387
4920 0.005409
4930 0.005437
4940 0.005409
4950 0.005405
4960 0.005407
4970 0.005446
4980 0.005424
4990 0.005369
5000 0.005449
5010 0.005498
5020 0.00548
5030 0.005487
5040 0.005486
5050 0.00546
5060 0.005472
5070 0.005483
5080 0.005464
5090 0.00547
5100 0.005539
5110 0.005529
5120 0.005538
5130 0.005538
5140 0.005504
5150 0.00555
5160 0.005528
5170 0.005528
5180 0.005567
5190 0.005535
5200 0.005597
5210 0.005604
5220 0.005584
5230 0.005584
5240 0.005557
5250 0.005548
5260 0.005581
5270 0.005574
5280 0.005583
5290 0.00556
5300 0.005644
5310 0.005656
5320 0.005645
5330 0.005617
5340 0.005667
5350 0.005625
5360 0.005641
5370 0.005631
5380 0.005665
5390 0.005668
5400 0.00572
5410 0.005695
5420 0.00571
5430 0.005712
5440 0.005717
5450 0.005718
5460 0.00574
5470 0.005725
5480 0.005702
5490 0.005726
5500 0.005809
5510 0.005772
5520 0.005785
5530 0.005794
5540 0.005763
5550 0.00581
5560 0.005767
5570 0.005769
5580 0.005785
5590 0.005778
5600 0.005861
5610 0.005819
5620 0.005842
5630 0.00584
5640 0.005813
5650 0.005839
5660 0.005849
5670 0.005837
5680 0.005831
5690 0.005846
5700 0.005882
5710 0.00593
5720 0.005905
5730 0.005897
5740 0.005908
5750 0.005893
5760 0.005919
5770 0.005896
5780 0.005924
5790 0.00593
5800 0.005987
5810 0.005998
5820 0.005983
5830 0.005985
5840 0.006005
5850 0.005967
5860 0.00599
5870 0.005992
5880 0.005975
5890 0.005966
5900 0.006061
5910 0.006093
5920 0.006061
5930 0.006055
5940 0.006034
5950 0.006088
5960 0.006067
5970 0.006081
5980 0.006064
5990 0.006067
6000 0.006152
6010 0.006126
6020 0.006139
6030 0.006132
6040 0.006123
6050 0.006132
6060 0.006134
6070 0.006129
6080 0.006133
6090 0.006134
6100 0.006242
6110 0.006203
6120 0.006214
6130 0.006225
6140 0.006203
6150 0.006203
6160 0.006196
6170 0.006211
6180 0.006211
6190 0.00621
6200 0.006284
6210 0.006289
6220 0.00629
6230 0.006292
6240 0.006289
6250 0.006296
6260 0.006288
6270 0.006286
6280 0.006284
6290 0.0063
6300 0.006348
6310 0.006388
6320 0.006377
6330 0.00636
6340 0.006354
6350 0.006394
6360 0.006352
6370 0.006405
6380 0.006356
6390 0.006378
6400 0.006473
6410 0.006441
6420 0.006451
6430 0.006464
6440 0.006424
6450 0.006476
6460 0.006435
6470 0.006484
6480 0.006446
6490 0.00646
6500 0.00658
6510 0.006629
6520 0.006584
6530 0.006597
6540 0.006626
6550 0.00661
6560 0.00662
6570 0.006565
6580 0.006623
6590 0.006589
6600 0.006679
6610 0.0067
6620 0.006739
6630 0.006678
6640 0.006675
6650 0.006686
6660 0.006687
6670 0.006701
6680 0.006717
6690 0.006658
6700 0.006803
6710 0.006795
6720 0.006751
6730 0.006814
6740 0.00678
6750 0.006797
6760 0.006784
6770 0.006775
6780 0.006818
6790 0.006788
6800 0.006874
6810 0.006903
6820 0.006866
6830 0.006922
6840 0.006879
6850 0.006886
6860 0.006864
6870 0.006866
6880 0.006879
6890 0.00689
6900 0.007014
6910 0.006999
6920 0.006989
6930 0.006985
6940 0.00698
6950 0.00697
6960 0.007001
6970 0.006987
6980 0.006962
6990 0.006964
7000 0.007134
7010 0.007072
7020 0.007085
7030 0.007115
7040 0.007035
7050 0.007096
7060 0.007105
7070 0.007093
7080 0.007094
7090 0.007074
7100 0.007184
7110 0.007188
7120 0.007219
7130 0.007205
7140 0.007187
7150 0.007178
7160 0.00722
7170 0.007229
7180 0.007196
7190 0.007211
7200 0.007294
7210 0.007289
7220 0.007312
7230 0.007352
7240 0.007308
7250 0.00733
7260 0.007261
7270 0.007299
7280 0.007311
7290 0.007319
7300 0.007406
7310 0.007399
7320 0.007428
7330 0.007416
7340 0.007443
7350 0.00742
7360 0.007414
7370 0.007374
7380 0.007403
7390 0.007461
7400 0.007531
7410 0.007581
7420 0.007524
7430 0.007544
7440 0.007526
7450 0.00751
7460 0.007553
7470 0.00753
7480 0.007526
7490 0.007542
7500 0.007654
7510 0.007689
7520 0.007636
7530 0.007651
7540 0.007622
7550 0.007628
7560 0.007643
7570 0.007644
7580 0.007649
7590 0.007656
7600 0.007787
7610 0.007755
7620 0.007756
7630 0.007778
7640 0.007763
7650 0.007777
7660 0.007764
7670 0.007812
7680 0.007779
7690 0.00777
7700 0.007903
7710 0.007863
7720 0.007941
7730 0.007909
7740 0.007941
7750 0.007905
7760 0.007871
7770 0.007892
7780 0.007931
7790 0.007916
7800 0.008019
7810 0.00801
7820 0.00807
7830 0.008031
7840 0.008006
7850 0.008005
7860 0.008047
7870 0.008029
7880 0.007999
7890 0.008019
7900 0.008133
7910 0.008145
7920 0.008117
7930 0.00816
7940 0.008224
7950 0.008164
7960 0.008162
7970 0.008144
7980 0.008204
7990 0.00814
8000 0.008265
8010 0.008297
8020 0.00828
8030 0.008317
8040 0.008256
8050 0.008334
8060 0.008306
8070 0.008284
8080 0.008289
8090 0.008281
8100 0.008433
8110 0.008405
8120 0.008555
8130 0.008413
8140 0.008401
8150 0.008439
8160 0.008429
8170 0.008431
8180 0.008454
8190 0.008435
8200 0.008532
8210 0.008559
8220 0.008577
8230 0.008613
8240 0.008547
8250 0.008548
8260 0.00856
8270 0.008552
8280 0.008579
8290 0.008559
8300 0.008653
8310 0.00865
8320 0.008657
8330 0.008663
8340 0.008679
8350 0.008694
8360 0.008644
8370 0.008703
8380 0.008678
8390 0.008659
8400 0.00882
8410 0.008794
8420 0.008816
8430 0.008814
8440 0.008835
8450 0.008806
8460 0.008807
8470 0.008785
8480 0.008807
8490 0.008807
8500 0.00897
8510 0.00901
8520 0.008978
8530 0.00893
8540 0.008956
8550 0.008983
8560 0.008981
8570 0.008987
8580 0.008939
8590 0.008968
8600 0.009124
8610 0.009147
8620 0.009095
8630 0.009093
8640 0.009104
8650 0.009118
8660 0.009203
8670 0.009142
8680 0.009125
8690 0.009141
8700 0.009283
8710 0.009394
8720 0.009278
8730 0.009238
8740 0.009258
8750 0.009267
8760 0.009268
8770 0.009229
8780 0.00928
8790 0.009264
8800 0.009442
8810 0.009476
8820 0.009472
8830 0.009402
8840 0.009421
8850 0.009444
8860 0.009414
8870 0.009461
8880 0.009435
8890 0.009436
8900 0.009574
8910 0.009594
8920 0.009553
8930 0.009574
8940 0.009573
8950 0.009665
8960 0.009549
8970 0.009574
8980 0.009637
8990 0.009599
9000 0.009805
9010 0.009728
9020 0.009731
9030 0.00974
9040 0.009742
9050 0.009759
9060 0.010029
9070 0.009706
9080 0.009751
9090 0.009727
9100 0.009962
9110 0.009908
9120 0.010071
9130 0.009901
9140 0.009895
9150 0.009906
9160 0.00992
9170 0.00994
9180 0.0099
9190 0.009937
9200 0.010071
9210 0.010122
9220 0.010054
9230 0.010093
9240 0.010102
9250 0.010046
9260 0.010107
9270 0.010126
9280 0.010111
9290 0.010085
9300 0.010238
9310 0.010231
9320 0.010296
9330 0.01027
9340 0.010241
9350 0.010342
9360 0.010272
9370 0.010243
9380 0.010249
9390 0.010323
9400 0.010444
9410 0.010463
9420 0.010441
9430 0.010446
9440 0.010435
9450 0.010438
9460 0.010475
9470 0.010452
9480 0.010449
9490 0.010467
9500 0.010671
9510 0.010621
9520 0.010604
9530 0.010657
9540 0.010612
9550 0.010605
9560 0.01061
9570 0.010639
9580 0.010636
9590 0.010608
9600 0.010832
9610 0.011021
9620 0.010747
9630 0.01078
9640 0.0108
9650 0.010887
9660 0.010807
9670 0.01082
9680 0.010815
9690 0.010809
9700 0.011046
9710 0.010965
9720 0.010976
9730 0.011019
9740 0.011009
9750 0.011018
9760 0.011019
9770 0.010979
9780 0.011021
9790 0.010994
9800 0.011187
9810 0.01114
9820 0.011165
9830 0.011299
9840 0.011179
9850 0.011235
9860 0.011162
9870 0.011259
9880 0.011231
9890 0.011198
9900 0.011342
9910 0.011405
9920 0.011352
9930 0.011322
9940 0.011414
9950 0.011341
9960 0.011367
9970 0.011349
9980 0.011459
9990 0.011372
