500 460.1
510 464.9
520 618.2
530 429.1
540 443.9
550 536.2
560 438
570 424.3
580 424.9
590 430
600 425.3
610 425.7
620 426.1
630 426.5
640 426
650 425.6
660 425.7
670 425.3
680 426.9
690 426.6
700 427.1
710 428.2
720 427.4
730 426.2
740 426.7
750 427.5
760 427
770 426.5
780 429.8
790 430.6
800 430
810 430.1
820 430.3
830 430.9
840 430.6
850 431.6
860 433.6
870 433.5
880 432.6
890 431.9
900 431.9
910 434.7
920 431.1
930 431.6
940 431.3
950 431.8
960 434.5
970 431.9
980 431.7
990 431.6
1000 448.5
1010 447.8
1020 449
1030 448.7
1040 448.5
1050 448.4
1060 447.6
1070 447.9
1080 447.6
1090 447.5
1100 446.7
1110 446.4
1120 445.9
1130 446.2
1140 446
1150 446.1
1160 446.8
1170 445.7
1180 445.7
1190 445.9
1200 446.2
1210 446
1220 445.8
1230 445.5
1240 445.5
1250 445.2
1260 444.9
1270 445.4
1280 445.2
1290 444.9
1300 445.3
1310 444.9
1320 445.2
1330 444.6
1340 445.9
1350 444.7
1360 445.1
1370 444.8
1380 445.1
1390 444.6
1400 444.5
1410 444.7
1420 445.7
1430 444.7
1440 444.4
1450 444.9
1460 444.2
1470 444.4
1480 445.1
1490 443.7
1500 470.5
1510 471.1
1520 474.4
1530 471.7
1540 472.5
1550 473.3
1560 471.3
1570 472.4
1580 472.9
1590 472.8
1600 472.9
1610 474.3
1620 474.1
1630 473.9
1640 476
1650 474.6
1660 474.2
1670 475.3
1680 476.1
1690 475.6
1700 475.4
1710 476.6
1720 475.1
1730 475
1740 476.3
1750 476.4
1760 477.2
1770 476.6
1780 477.1
1790 476.5
1800 477
1810 495
1820 492.1
1830 477.2
1840 478.7
1850 478
1860 478.9
1870 478
1880 477.7
1890 477.7
1900 477.7
1910 477.1
1920 477.3
1930 477.7
1940 477.1
1950 477.5
1960 477.1
1970 477.7
1980 477.6
1990 477.3
2000 481
2010 480.9
2020 482.1
2030 481
2040 480.4
2050 480.7
2060 480.6
2070 481
2080 481.9
2090 481.7
2100 481.8
2110 483.1
2120 481.5
2130 482.2
2140 481.9
2150 482.4
2160 481.4
2170 482.1
2180 484.2
2190 483.7
2200 483.4
2210 483.4
2220 482.8
2230 482.8
2240 482.5
2250 482.6
2260 482.5
2270 481.7
2280 482.5
2290 482.6
2300 481.8
2310 482.6
2320 482.8
2330 481.7
2340 485.7
2350 483.9
2360 483.2
2370 484.1
2380 482.4
2390 482.7
2400 484
2410 482.1
2420 483.3
2430 483.1
2440 483.1
2450 481.9
2460 482.9
2470 483.4
2480 483.4
2490 482.2
2500 470.3
2510 469.4
2520 469.2
2530 469.4
2540 469.5
2550 469.5
2560 469.5
2570 469.8
2580 469.1
2590 470.2
2600 469.9
2610 470.3
2620 469.5
2630 470.2
2640 469.7
2650 470.1
2660 470.5
2670 470.4
2680 469.8
2690 470
2700 469.8
2710 470.4
2720 470.1
2730 470.6
2740 470.2
2750 470.7
2760 470.5
2770 470
2780 470.2
2790 470.3
2800 470.1
2810 470.4
2820 470.1
2830 473.5
2840 472.8
2850 473.7
2860 473.4
2870 473.1
2880 473.6
2890 473.4
2900 474.1
2910 473.6
2920 473.2
2930 473.8
2940 473.7
2950 473.2
2960 473.9
2970 473.3
2980 473.7
2990 473.7
3000 476
3010 475.9
3020 476.4
3030 476.9
3040 507.9
3050 477.2
3060 476.2
3070 476.1
3080 482
3090 477.3
3100 476.7
3110 476.1
3120 476.6
3130 476.4
3140 476.6
3150 476.6
3160 476.7
3170 477.1
3180 476.3
3190 476.5
3200 476.5
3210 476.6
3220 476.2
3230 477.2
3240 476.8
3250 477.3
3260 477.1
3270 476.5
3280 476.4
3290 477.1
3300 477.9
3310 476.6
3320 477
3330 477.6
3340 477.7
3350 476.6
3360 477
3370 476.3
3380 476.5
3390 476.7
3400 475.7
3410 476.5
3420 476
3430 476.8
3440 476.2
3450 476.4
3460 476.6
3470 476.4
3480 476.9
3490 477
3500 478.9
3510 478.4
3520 479.2
3530 478.3
3540 478.4
3550 478.5
3560 479
3570 478.9
3580 478.6
3590 478.4
3600 478.9
3610 479.3
3620 479.1
3630 479
3640 479.7
3650 479.2
3660 478.6
3670 478.8
3680 479.3
3690 479.8
3700 479.1
3710 479.1
3720 480.2
3730 478.5
3740 479.5
3750 478.6
3760 478.5
3770 478.7
3780 479.2
3790 479.1
3800 479.2
3810 478.4
3820 478.5
3830 478.9
3840 478.7
3850 478.8
3860 478.7
3870 478.9
3880 479.3
3890 479.2
3900 479.6
3910 479.4
3920 479.3
3930 478.8
3940 479.7
3950 479.3
3960 478.7
3970 479.5
3980 478.8
3990 479
4000 482.2
4010 481.7
4020 481.5
4030 482.2
4040 482
4050 484.6
4060 481.7
4070 481.8
4080 482
4090 481.5
4100 481.9
4110 481.1
4120 481.4
4130 481.3
4140 481.5
4150 481.4
4160 481.5
4170 481.7
4180 480.8
4190 481.6
4200 481.7
4210 482
4220 481.5
4230 481.4
4240 482.1
4250 481.9
4260 508.5
4270 482.2
4280 482
4290 486.4
4300 482
4310 481.6
4320 481.3
4330 481.5
4340 481.1
4350 481.1
4360 481.4
4370 481.2
4380 481.3
4390 481.5
4400 481.6
4410 481.6
4420 481.2
4430 481.2
4440 482.4
4450 481.6
4460 482
4470 481.9
4480 481.6
4490 481.2
4500 507.3
4510 503.4
4520 504.1
4530 505.1
4540 505
4550 504.4
4560 506.9
4570 505.5
4580 503.6
4590 504.8
4600 504.6
4610 502.6
4620 504.8
4630 505.7
4640 504
4650 505
4660 505.4
4670 505
4680 504.5
4690 504.5
4700 504.7
4710 505.1
4720 506.4
4730 505.2
4740 503.8
4750 504.7
4760 504
4770 503.9
4780 504.4
4790 504.8
4800 504.5
4810 505.1
4820 505.2
4830 503.2
4840 505.1
4850 504.7
4860 504.3
4870 504.2
4880 504.8
4890 504
4900 503.6
4910 505.2
4920 503.9
4930 504.3
4940 505.2
4950 504.3
4960 503.9
4970 504.7
4980 504.6
4990 504.3
5000 507.5
5010 506.9
5020 506.5
5030 506
5040 507.1
5050 506.7
5060 505.6
5070 506.9
5080 505.6
5090 505.1
5100 507.1
5110 506.6
5120 505.9
5130 505.6
5140 507
5150 506
5160 506.4
5170 508.2
5180 507.3
5190 506.2
5200 506.8
5210 506.3
5220 505.4
5230 505.4
5240 506.1
5250 505.2
5260 506.8
5270 507.5
5280 506
5290 506.5
5300 506.6
5310 505.3
5320 505.2
5330 506.3
5340 507
5350 505.9
5360 506.8
5370 507.4
5380 505.2
5390 505.8
5400 506.9
5410 505.3
5420 505.4
5430 531.7
5440 507.9
5450 506.5
5460 517.4
5470 585.8
5480 508.4
5490 507.4
5500 514.2
5510 510.1
5520 511.2
5530 511.9
5540 509.7
5550 509.7
5560 511.6
5570 510.1
5580 508.3
5590 510.1
5600 509.8
5610 508.8
5620 511.6
5630 510.7
5640 508
5650 509.9
5660 510
5670 508.7
5680 510
5690 512.2
5700 510.9
5710 508.4
5720 513.5
5730 512.1
5740 509.1
5750 510.9
5760 509.6
5770 509.6
5780 510.3
5790 509.1
5800 509.2
5810 511.9
5820 510.5
5830 509.7
5840 509.1
5850 509.2
5860 508.6
5870 507.8
5880 507.8
5890 510.6
5900 510.3
5910 512.8
5920 510.3
5930 510
5940 512.8
5950 512.1
5960 511.7
5970 511.5
5980 510
5990 509.9
6000 514.7
6010 516.3
6020 515.4
6030 513.4
6040 515.8
6050 514.5
6060 514.1
6070 516.5
6080 515.9
6090 514.3
6100 515.8
6110 516.2
6120 514.3
6130 515.2
6140 515.1
6150 515.3
6160 516.5
6170 516.8
6180 516.7
6190 515.9
6200 515.9
6210 515.5
6220 515.5
6230 515.9
6240 516.2
6250 515.7
6260 517.6
6270 517.4
6280 515.3
6290 516.2
6300 515.9
6310 516
6320 515
6330 516.3
6340 516.1
6350 515.3
6360 516.3
6370 516
6380 515.7
6390 515.9
6400 515.9
6410 516.1
6420 515.5
6430 516.2
6440 516
6450 516.5
6460 516.6
6470 516.3
6480 514.5
6490 516.7
6500 517.9
6510 516.8
6520 518.7
6530 517.8
6540 516.2
6550 517
6560 517.9
6570 542.4
6580 517.4
6590 525.1
6600 517.9
6610 520
6620 520.5
6630 518.6
6640 516.1
6650 518.6
6660 516.5
6670 516.6
6680 516.6
6690 517.7
6700 516.8
6710 517.7
6720 517.9
6730 516.9
6740 517.8
6750 517.4
6760 516.9
6770 517.5
6780 517.3
6790 517.4
6800 516.1
6810 517.6
6820 517.3
6830 516.7
6840 516.8
6850 516.8
6860 516.8
6870 516.6
6880 518.1
6890 517.2
6900 517.1
6910 518.6
6920 517.3
6930 516.4
6940 517.3
6950 517.3
6960 516
6970 517.6
6980 517.9
6990 516.8
7000 519
7010 519.7
7020 518.7
7030 518.6
7040 519.8
7050 519.6
7060 519.5
7070 520.8
7080 519.1
7090 519
7100 519.9
7110 518.8
7120 518.1
7130 520.8
7140 520.2
7150 519.4
7160 519.8
7170 520.6
7180 519.5
7190 519.3
7200 519.8
7210 519.5
7220 518.9
7230 519.7
7240 520
7250 519.8
7260 520
7270 520.2
7280 518.6
7290 518.4
7300 519.5
7310 519.1
7320 518.3
7330 519.7
7340 519.2
7350 519.1
7360 519.8
7370 520.4
7380 518.6
7390 520.2
7400 520.1
7410 518.4
7420 519.8
7430 519.8
7440 518.5
7450 519.5
7460 521.4
7470 519.8
7480 518.5
7490 520
7500 521.2
7510 520.5
7520 521.4
7530 521.7
7540 521.3
7550 522.6
7560 522.2
7570 522.3
7580 522.4
7590 522.6
7600 522.1
7610 520.6
7620 521.3
7630 522
7640 520.7
7650 522.2
7660 522.1
7670 521.3
7680 520.6
7690 548.9
7700 522.5
7710 523.9
7720 529.9
7730 522.4
7740 522.2
7750 523.7
7760 522.4
7770 520.6
7780 522.5
7790 521.7
7800 521.3
7810 523.9
7820 522.4
7830 521.9
7840 522.4
7850 521.9
7860 521
7870 521.8
7880 522.4
7890 521.8
7900 521
7910 521.5
7920 522.2
7930 520.2
7940 522.7
7950 522.1
7960 520.7
7970 521.1
7980 521.9
7990 521.6
8000 524
8010 525
8020 523.6
8030 523
8040 524.3
8050 523
8060 522.3
8070 524
8080 522.4
8090 522.6
8100 525.1
8110 524.3
8120 522.6
8130 523.2
8140 523.9
8150 522.1
8160 522.7
8170 523.4
8180 522.6
8190 524
8200 525.6
8210 524.9
8220 522.8
8230 525.2
8240 523.1
8250 522.6
8260 522.8
8270 524.4
8280 522
8290 522.1
8300 524.9
8310 522.1
8320 521.5
8330 523.7
8340 523
8350 522
8360 523.6
8370 522.8
8380 523.6
8390 524.8
8400 523.5
8410 522.2
8420 524.3
8430 523.2
8440 522.8
8450 522.1
8460 523.2
8470 523
8480 522.5
8490 524
8500 534.2
8510 532.8
8520 532
8530 532.8
8540 531.7
8550 532.4
8560 532.3
8570 532.3
8580 533.9
8590 531.5
8600 532
8610 532.3
8620 531.4
8630 533.3
8640 532.2
8650 531.9
8660 531.9
8670 532
8680 531.6
8690 532.4
8700 531.9
8710 531.5
8720 532.2
8730 532.2
8740 531.8
8750 531.9
8760 532.6
8770 531.7
8780 531.9
8790 531.6
8800 558.8
8810 533.8
8820 536.6
8830 533.8
8840 532.1
8850 532
8860 532
8870 532
8880 532.5
8890 532
8900 532.3
8910 531.5
8920 531.4
8930 531.9
8940 533.3
8950 531.9
8960 532.6
8970 531.5
8980 531.9
8990 532.2
9000 534
9010 533.6
9020 534.3
9030 533.2
9040 535.7
9050 534.2
9060 533.7
9070 534
9080 534.4
9090 533.6
9100 534.3
9110 533.7
9120 533.9
9130 535.3
9140 534.6
9150 534
9160 533.6
9170 533.8
9180 533.7
9190 534.1
9200 533.8
9210 534.2
9220 534.1
9230 533.9
9240 533.3
9250 534
9260 533.8
9270 535.3
9280 534
9290 534.4
9300 533.6
9310 534
9320 533.5
9330 533.9
9340 534
9350 533.7
9360 533.6
9370 534.2
9380 533.8
9390 533.6
9400 534.1
9410 533.4
9420 534.1
9430 534
9440 533.9
9450 534.1
9460 534.6
9470 534.2
9480 533.5
9490 533.5
9500 536.3
9510 535.6
9520 536.1
9530 536.4
9540 535.6
9550 535.5
9560 535.3
9570 535.2
9580 535.9
9590 535.2
9600 536.9
9610 535.8
9620 535.7
9630 535
9640 536.2
9650 535.6
9660 535.8
9670 535.6
9680 535.7
9690 537.4
9700 535.7
9710 535.9
9720 535.1
9730 535.4
9740 536.8
9750 535.3
9760 535.7
9770 536
9780 535.5
9790 536
9800 535.7
9810 535.8
9820 535.6
9830 535.8
9840 535.3
9850 535.7
9860 535.4
9870 536
9880 535.8
9890 535.6
9900 562.6
9910 536
9920 540.7
9930 535.9
9940 535.8
9950 536
9960 535.2
9970 537
9980 537
9990 535.5
10000 538.3
10010 537.8
10020 537.5
10030 537.9
10040 537.9
10050 539.1
10060 538.2
10070 537.8
10080 539.8
10090 538.1
10100 537.4
10110 537.8
10120 537.7
10130 538
10140 537.3
10150 537.6
10160 538
10170 537.2
10180 537.3
10190 537.9
10200 537.5
10210 538.2
10220 538
10230 537.5
10240 538.7
10250 537.5
10260 537.8
10270 538.1
10280 537.2
10290 537.9
10300 538.8
10310 537.6
10320 538.1
10330 537.4
10340 537.3
10350 536.9
10360 537.8
10370 538
10380 537.2
10390 538.5
10400 538.1
10410 537.7
10420 537.3
10430 537.1
10440 537.4
10450 538.7
10460 537.4
10470 537.5
10480 537.5
10490 537.9
10500 541.8
10510 541.2
10520 541.5
10530 542.1
10540 541.4
10550 541.9
10560 541.6
10570 541.9
10580 541.6
10590 541.4
10600 542.1
10610 541.9
10620 541.6
10630 542.2
10640 541.4
10650 541.4
10660 541.4
10670 541
10680 541.8
10690 541.6
10700 541.5
10710 541.6
10720 541
10730 542.4
10740 546.2
10750 541.8
10760 542.2
10770 541.6
10780 541.8
10790 540.8
10800 542.1
10810 542.2
10820 541.4
10830 541.6
10840 541.9
10850 541.3
10860 541.4
10870 541
10880 541.4
10890 541.3
10900 541
10910 541.4
10920 541.2
10930 541.2
10940 541.6
10950 541.6
10960 541.6
10970 541.7
10980 566.6
10990 542.7
11000 547.3
11010 543.5
11020 541.5
11030 541.3
11040 541.5
11050 541.2
11060 541.4
11070 542.6
11080 541
11090 541.3
11100 541.3
11110 541.9
11120 541.6
11130 542.5
11140 541.6
11150 541.1
11160 541.7
11170 541.2
11180 541.2
11190 542.2
11200 541.4
11210 541.7
11220 540.9
11230 541.1
11240 541.5
11250 541.2
11260 541.7
11270 541.3
11280 541.2
11290 542.1
11300 541.3
11310 541.2
11320 541.7
11330 541.2
11340 541.7
11350 541.3
11360 541.8
11370 541.8
11380 541.5
11390 542.5
11400 541.5
11410 541.3
11420 541.8
11430 541.1
11440 541.9
11450 540.9
11460 541.6
11470 541.2
11480 541.6
11490 541.6
11500 544.5
11510 543.8
11520 544.6
11530 543.3
11540 544.2
11550 543.3
11560 543.8
11570 544
11580 543.6
11590 544
11600 543.7
11610 543.3
11620 544.1
11630 543.3
11640 543
11650 543.2
11660 543.6
11670 543.7
11680 543.4
11690 543.7
11700 543.7
11710 545.1
11720 543.5
11730 543.8
11740 543.2
11750 544.1
11760 543.5
11770 547
11780 543.4
11790 544.2
11800 543.6
11810 543.6
11820 543.8
11830 543.7
11840 543.2
11850 545.1
11860 543.4
11870 544.1
11880 543.2
11890 543
11900 543.3
11910 543.7
11920 543.7
11930 543.3
11940 543.4
11950 543.7
11960 543.1
11970 543.6
11980 543.5
11990 543.5
12000 546.3
12010 545.7
12020 545.6
12030 546.7
12040 545.4
12050 562.7
12060 554.4
12070 551.2
12080 545.9
12090 546
12100 545.3
12110 545
12120 545.5
12130 545.1
12140 545.7
12150 545.2
12160 546.2
12170 545.6
12180 545.2
12190 545.4
12200 545.6
12210 545.5
12220 545.6
12230 545.5
12240 546
12250 545.4
12260 545.8
12270 546.1
12280 545.2
12290 545.6
12300 545.8
12310 545.5
12320 546.5
12330 545.6
12340 545.9
12350 547
12360 544.9
12370 545.9
12380 545.3
12390 545.9
12400 545.7
12410 545.7
12420 545.3
12430 545.4
12440 545.8
12450 545.3
12460 545.4
12470 545.7
12480 545.2
12490 546.1
12500 549.4
12510 548.6
12520 548.9
12530 549.9
12540 549.6
12550 549.3
12560 549.3
12570 548.7
12580 549.2
12590 549.8
12600 549
12610 549.7
12620 549.4
12630 550.4
12640 549.2
12650 549.2
12660 549.4
12670 549.9
12680 548.8
12690 549.4
12700 549.7
12710 549.2
12720 549.6
12730 550.1
12740 548.1
12750 549.2
12760 549.9
12770 549.5
12780 549.7
12790 549.2
12800 549.7
12810 549.4
12820 549.1
12830 549.2
12840 549.2
12850 548.9
12860 549.9
12870 549.4
12880 549.6
12890 549.6
12900 549.2
12910 549.5
12920 549.1
12930 549.7
12940 548.9
12950 549.6
12960 548.8
12970 549.5
12980 548.7
12990 550.3
13000 550.1
13010 550.7
13020 550.5
13030 549.8
13040 550.1
13050 551
13060 550
13070 549.9
13080 550.4
13090 550
13100 549.5
13110 549.9
13120 576.4
13130 552.9
13140 551
13150 549.5
13160 550
13170 550.3
13180 549.9
13190 549.9
13200 549.9
13210 550.2
13220 549.4
13230 549.3
13240 550.2
13250 549.7
13260 549.8
13270 549.5
13280 549.4
13290 550.2
13300 549.4
13310 551.1
13320 549.6
13330 550.2
13340 549.9
13350 549.5
13360 550.6
13370 550
13380 549.8
13390 549.8
13400 550
13410 550.6
13420 549.8
13430 550.2
13440 550
13450 550
13460 550.6
13470 549.4
13480 549.9
13490 549.8
13500 552.5
13510 553.6
13520 551.5
13530 553.5
13540 551.9
13550 552.2
13560 551.6
13570 551.5
13580 552.1
13590 551.2
13600 551.8
13610 551.3
13620 551.8
13630 554.5
13640 551.1
13650 552.4
13660 551.5
13670 552.1
13680 551.6
13690 551.9
13700 551.4
13710 551.5
13720 551.8
13730 551.8
13740 552
13750 551.4
13760 551.8
13770 552.5
13780 551.9
13790 551.7
13800 551.2
13810 552.6
13820 551.8
13830 551.9
13840 552
13850 551.6
13860 552.3
13870 551.6
13880 551.7
13890 551.8
13900 551.6
13910 551.6
13920 551.7
13930 552
13940 552
13950 552.4
13960 552.2
13970 551.5
13980 551.9
13990 551.1
14000 554.7
14010 553.5
14020 554.2
14030 553.7
14040 553.4
14050 553.3
14060 553.9
14070 553.2
14080 554.2
14090 553.4
14100 554.2
14110 553.2
14120 553.5
14130 553.6
14140 553.6
14150 556.5
14160 553.9
14170 554.3
14180 579.9
14190 559.4
14200 553.5
14210 554
14220 553.8
14230 554.3
14240 553.8
14250 553.7
14260 553.3
14270 555
14280 553.3
14290 554
14300 553.3
14310 554.6
14320 553.5
14330 554.1
14340 553.6
14350 553.7
14360 553.5
14370 553.5
14380 553.9
14390 554.1
14400 554.2
14410 553.8
14420 554.1
14430 553.6
14440 553.3
14450 553.8
14460 553.4
14470 553.8
14480 553.4
14490 553.3
14500 558
14510 557.3
14520 557.7
14530 558
14540 558.1
14550 557.7
14560 557.7
14570 557.6
14580 557.2
14590 558.9
14600 557.6
14610 558.1
14620 557.9
14630 557.2
14640 557.5
14650 557.6
14660 558
14670 557.2
14680 557.9
14690 557.3
14700 557.8
14710 557.3
14720 557.7
14730 557.5
14740 557.6
14750 557.8
14760 557.2
14770 557.8
14780 557.7
14790 557.5
14800 557.8
14810 557.4
14820 558
14830 557.6
14840 557.6
14850 558.6
14860 558
14870 557.9
14880 557.9
14890 557.6
14900 557
14910 559.1
14920 557.1
14930 558.3
14940 557.3
14950 557.9
14960 557.7
14970 557.7
14980 557.3
14990 557.5
15000 558.5
15010 558.7
15020 558
15030 559.1
15040 557.8
15050 558.6
15060 558.7
15070 558.9
15080 557.9
15090 559.1
15100 557.9
15110 558
15120 558.6
15130 558.3
15140 558.4
15150 557.9
15160 558.7
15170 558.4
15180 557.8
15190 558.1
15200 558.4
15210 558.7
15220 558.1
15230 586.7
15240 562.5
15250 558.9
15260 558.3
15270 558.1
15280 558.5
15290 558.1
15300 558
15310 557.6
15320 558.7
15330 558.1
15340 559.9
15350 557.7
15360 558.3
15370 558.6
15380 559.6
15390 558.3
15400 558.4
15410 558.6
15420 558.4
15430 558.1
15440 559.2
15450 558.9
15460 558.2
15470 557.4
15480 558.7
15490 558.4
15500 560.5
15510 560
15520 559.7
15530 560.6
15540 559.4
15550 561.3
15560 559.8
15570 560.6
15580 559.8
15590 559.8
15600 559.6
15610 560.4
15620 559.9
15630 559.6
15640 560.6
15650 559.8
15660 559.6
15670 559.8
15680 559.6
15690 560.2
15700 559.5
15710 559.8
15720 559.8
15730 560.7
15740 559.8
15750 560.7
15760 559.7
15770 560
15780 560.5
15790 559.7
15800 560.4
15810 559.9
15820 560
15830 560
15840 559.8
15850 559.9
15860 559.8
15870 561
15880 559.8
15890 560.2
15900 560.3
15910 559.9
15920 559.9
15930 560
15940 559.7
15950 561.2
15960 560.3
15970 559.5
15980 560.2
15990 559.4
16000 563.5
16010 562.6
16020 562.4
16030 562
16040 562.3
16050 562.9
16060 562.3
16070 562.7
16080 562.9
16090 562.9
16100 562.4
16110 562.5
16120 561.8
16130 562.2
16140 562.4
16150 562
16160 562.6
16170 562.4
16180 562.2
16190 563.1
16200 562.4
16210 562.4
16220 562.1
16230 563.3
16240 562.3
16250 562.6
16260 562.4
16270 590.6
16280 566.8
16290 564.1
16300 562
16310 563.4
16320 562.2
16330 562.2
16340 561.7
16350 561.8
16360 562
16370 562.5
16380 562
16390 562.1
16400 562.7
16410 561.5
16420 562.4
16430 561.7
16440 561.6
16450 561.9
16460 561.9
16470 562.5
16480 561.9
16490 561.5
16500 582.1
16510 579.7
16520 579.4
16530 579.7
16540 579.3
16550 579.5
16560 579.3
16570 579.6
16580 579.2
16590 580.6
16600 579.4
16610 579
16620 578.8
16630 579.1
16640 579.2
16650 579.5
16660 579.3
16670 579
16680 579
16690 578.8
16700 579.1
16710 578.7
16720 579.5
16730 578.8
16740 579.6
16750 579
16760 579.6
16770 579.1
16780 579.4
16790 578.9
16800 579.3
16810 579
16820 579.9
16830 579.1
16840 579.2
16850 579.3
16860 579.3
16870 579.2
16880 578.8
16890 579.1
16900 579.7
16910 579.6
16920 579.2
16930 578.6
16940 579.2
16950 579.5
16960 579.7
16970 579.3
16980 579.4
16990 579.3
17000 580.5
17010 581
17020 581.3
17030 580.9
17040 580.7
17050 580.4
17060 580.7
17070 580.6
17080 580.5
17090 582.2
17100 580.6
17110 580.6
17120 580.4
17130 580
17140 580.9
17150 580.6
17160 580.8
17170 580.5
17180 581.6
17190 580.7
17200 581.2
17210 580.9
17220 580.9
17230 580.6
17240 580.6
17250 580.8
17260 581.1
17270 580.7
17280 606.3
17290 585.6
17300 581.4
17310 580.6
17320 581
17330 580.5
17340 581.6
17350 580
17360 581.2
17370 580.3
17380 581.3
17390 580.8
17400 581
17410 580.5
17420 580.9
17430 580.9
17440 581.2
17450 580.5
17460 581.2
17470 580.9
17480 580.7
17490 580.6
17500 584.6
17510 584.1
17520 584.6
17530 584.3
17540 584.5
17550 584.6
17560 583.8
17570 584.1
17580 584.9
17590 584.1
17600 584.5
17610 583.9
17620 584.5
17630 584.4
17640 584.2
17650 583.7
17660 584.7
17670 583.9
17680 584.6
17690 584.3
17700 584.4
17710 584.2
17720 584.3
17730 584.1
17740 584.4
17750 583.9
17760 584.1
17770 583.9
17780 584.7
17790 584.4
17800 584.4
17810 584
17820 584.3
17830 584.2
17840 584.3
17850 584.4
17860 584.5
17870 584.3
17880 584.2
17890 584.1
17900 584.2
17910 583.2
17920 584.1
17930 584.2
17940 585.2
17950 584.1
17960 584.2
17970 583.5
17980 584.9
17990 583.9
18000 585.6
18010 585.2
18020 585.9
18030 585.6
18040 585.6
18050 584.3
18060 585.8
18070 585
18080 585.7
18090 585.6
18100 585.7
18110 585.5
18120 585
18130 585.1
18140 585.3
18150 585.5
18160 585.4
18170 585.5
18180 585.7
18190 585.2
18200 585.5
18210 585
18220 585.6
18230 585.7
18240 586.2
18250 586
18260 585.8
18270 585.6
18280 615.5
18290 586
18300 585.7
18310 585.5
18320 585.1
18330 585.5
18340 585.1
18350 585.6
18360 584.8
18370 585.1
18380 585.2
18390 585.7
18400 585.7
18410 585.9
18420 585.2
18430 585.7
18440 584.9
18450 585.4
18460 585
18470 585.9
18480 585.1
18490 585.2
18500 587.6
18510 587.1
18520 587
18530 587
18540 586.9
18550 587.3
18560 587.6
18570 587
18580 587.2
18590 587.6
18600 587
18610 586.8
18620 587.3
18630 587.3
18640 586.9
18650 586.9
18660 587.3
18670 588
18680 587.1
18690 587.2
18700 587.1
18710 587.7
18720 587.7
18730 587
18740 587.5
18750 588.6
18760 587.3
18770 587
18780 587.3
18790 587.5
18800 587.3
18810 587.1
18820 587.4
18830 586.8
18840 587.2
18850 586.7
18860 587.7
18870 588.2
18880 587.6
18890 587.4
18900 587.2
18910 587.1
18920 587.1
18930 586.7
18940 587.3
18950 586.7
18960 587.4
18970 586.6
18980 587.6
18990 586.7
19000 591.3
19010 590.2
19020 590.7
19030 590.6
19040 590.6
19050 589.6
19060 590.6
19070 590.2
19080 590.1
19090 590.1
19100 590.2
19110 590.5
19120 590.4
19130 590.9
19140 590.2
19150 590
19160 590
19170 590.7
19180 590.3
19190 590.7
19200 589.8
19210 590.7
19220 590.5
19230 591.1
19240 590.6
19250 590.2
19260 590.5
19270 619.5
19280 591.2
19290 592.1
19300 591.1
19310 590.9
19320 590.7
19330 590.4
19340 590.6
19350 590.2
19360 590.5
19370 590.4
19380 591
19390 590.5
19400 590.8
19410 590.5
19420 590.8
19430 591.6
19440 590.1
19450 590.7
19460 590.5
19470 590.3
19480 590.3
19490 590.7
19500 592
19510 591.3
19520 590.8
19530 591.5
19540 590.9
19550 591.6
19560 591.3
19570 594.1
19580 591.3
19590 592
19600 591
19610 591.5
19620 591.1
19630 591.9
19640 591.1
19650 591.5
19660 591.2
19670 591.7
19680 591.2
19690 591.7
19700 591.2
19710 591.8
19720 590.7
19730 590.7
19740 591.8
19750 591
19760 591.4
19770 591.5
19780 592
19790 591.1
19800 591.7
19810 591.2
19820 591.8
19830 591.4
19840 591.8
19850 591.2
19860 592.1
19870 591.6
19880 591.6
19890 591.5
19900 591.8
19910 591.5
19920 592.4
19930 591.4
19940 591.1
19950 591.9
19960 591.3
19970 591.2
19980 591.2
19990 593.5
20000 593.6
20010 593.8
20020 593.6
20030 593.8
20040 592.8
20050 593.4
20060 593.5
20070 593.4
20080 593.1
20090 593.8
20100 593.3
20110 594.1
20120 592.9
20130 593.1
20140 593.5
20150 593.2
20160 593.4
20170 593.4
20180 593.2
20190 593.3
20200 593
20210 592.8
20220 593.4
20230 593.4
20240 592.8
20250 597.9
20260 612
20270 595.2
20280 593.7
20290 594.5
20300 593
20310 594.2
20320 592.4
20330 593.6
20340 593.2
20350 593.5
20360 592.8
20370 593.2
20380 592.9
20390 593.2
20400 592.9
20410 593.9
20420 593.4
20430 593.4
20440 593
20450 594.5
20460 593.5
20470 593
20480 593.5
20490 592.9
20500 596
20510 595.9
20520 595.6
20530 595.1
20540 596.1
20550 595.5
20560 595.9
20570 595.1
20580 596.2
20590 595.6
20600 595.6
20610 595.5
20620 595.4
20630 596.2
20640 595.7
20650 596
20660 595.4
20670 595.9
20680 595.5
20690 595.7
20700 595.4
20710 595.9
20720 595
20730 595.4
20740 595.9
20750 595.3
20760 595.7
20770 595.4
20780 595.6
20790 595.4
20800 596.2
20810 595.4
20820 595.7
20830 595.4
20840 595.5
20850 595.2
20860 595.8
20870 595.7
20880 595.6
20890 595.4
20900 595.2
20910 595.4
20920 595.1
20930 595.9
20940 595.4
20950 595.7
20960 595.9
20970 596.1
20980 595.4
20990 595.7
21000 597.5
21010 598
21020 597.2
21030 597.5
21040 598.2
21050 597.3
21060 597.5
21070 597.2
21080 598
21090 597
21100 598
21110 597.5
21120 598.3
21130 597
21140 598.4
21150 597.6
21160 597.5
21170 598.1
21180 598.1
21190 598.4
21200 597.5
21210 597.4
21220 597.5
21230 601.5
21240 598.4
21250 597.6
21260 597.4
21270 597.9
21280 598.3
21290 597.9
21300 597.7
21310 597.4
21320 597.6
21330 597.4
21340 598.2
21350 598.2
21360 597.6
21370 597.9
21380 598.2
21390 597.2
21400 597.7
21410 597.3
21420 597.4
21430 598.8
21440 597.3
21450 598
21460 597.7
21470 598.2
21480 597.5
21490 598.3
21500 600.3
21510 600.5
21520 600.2
21530 599.4
21540 600.4
21550 600.1
21560 599.8
21570 599.8
21580 600.3
21590 600.4
21600 600.2
21610 599.8
21620 600.3
21630 599.8
21640 599.6
21650 599.5
21660 599.9
21670 599.9
21680 599.6
21690 599.8
21700 599.8
21710 599.7
21720 599.9
21730 599.8
21740 600.2
21750 599.7
21760 599.7
21770 599.2
21780 600.6
21790 599.7
21800 599.9
21810 600
21820 600.3
21830 599.3
21840 599.5
21850 599.4
21860 599.3
21870 600.4
21880 599.2
21890 599.8
21900 599.8
21910 599.9
21920 599.2
21930 599.9
21940 600.1
21950 600
21960 599.6
21970 599.8
21980 600.9
21990 599.8
22000 602.5
22010 602.4
22020 604
22030 602.3
22040 601.9
22050 602.8
22060 601.7
22070 602.6
22080 601.5
22090 602.1
22100 602.1
22110 602.2
22120 601.5
22130 602.4
22140 602.1
22150 601.9
22160 602.9
22170 602.1
22180 602.6
22190 602.2
22200 602.3
22210 602.4
22220 602.3
22230 602.3
22240 602.4
22250 602
22260 602.3
22270 603
22280 601.7
22290 602.6
22300 602
22310 602
22320 602.2
22330 602.3
22340 602.2
22350 601.9
22360 602.1
22370 601.9
22380 602.4
22390 601.9
22400 602.9
22410 602.1
22420 603.3
22430 602.2
22440 601.7
22450 602.1
22460 602.1
22470 602.3
22480 602.1
22490 602.3
22500 604.7
22510 604.2
22520 603.6
22530 603.9
22540 604.5
22550 604
22560 604.5
22570 604.1
22580 605
22590 604.2
22600 603.8
22610 604.1
22620 604.7
22630 604.7
22640 603.8
22650 605.2
22660 603.8
22670 604.6
22680 603.3
22690 604.9
22700 604.2
22710 603.9
22720 603.8
22730 603.9
22740 604.4
22750 603.9
22760 603.5
22770 604.1
22780 604
22790 604.5
22800 603.4
22810 604.7
22820 604.1
22830 604.5
22840 603.6
22850 604.1
22860 603.7
22870 604.5
22880 604
22890 604
22900 604.2
22910 603.8
22920 603.8
22930 603.5
22940 604.4
22950 604.4
22960 604.3
22970 604.2
22980 603.8
22990 604.3
23000 607.1
23010 607.4
23020 606.5
23030 607.2
23040 606.4
23050 607.5
23060 607.3
23070 607.4
23080 607.2
23090 606.9
23100 607.7
23110 606.3
23120 606.7
23130 607.7
23140 607.1
23150 607.5
23160 606.3
23170 607.4
23180 607.4
23190 607.6
23200 608.5
23210 607.4
23220 611.7
23230 607.1
23240 607.2
23250 606.9
23260 607.3
23270 607.3
23280 606.7
23290 607.3
23300 634.8
23310 685.2
23320 685.1
23330 685
23340 684.9
23350 685.5
23360 685.5
23370 684.8
23380 685.1
23390 684.3
23400 684.7
23410 685
23420 684.4
23430 684.5
23440 684.5
23450 685.2
23460 684.5
23470 684.9
23480 684.8
23490 784.1
23500 685.1
23510 685.9
23520 860.3
23530 609.1
23540 609.7
23550 609.4
23560 609.5
23570 609.2
23580 610.4
23590 609.5
23600 609.1
23610 609.5
23620 610
23630 609.3
23640 608.7
23650 609.4
23660 609.4
23670 609
23680 610.1
23690 609.2
23700 609.5
23710 609
23720 610.3
23730 609.6
23740 609.9
23750 610
23760 609.3
23770 609.9
23780 609.4
23790 609.5
23800 610
23810 609.3
23820 609.7
23830 609.3
23840 610.2
23850 609.2
23860 609.5
23870 609.5
23880 608.6
23890 609.6
23900 609.2
23910 610
23920 609.7
23930 609.9
23940 609.5
23950 609.3
23960 608.9
23970 609.3
23980 609.7
23990 609.5
24000 611.6
24010 611.5
24020 611.1
24030 611.8
24040 610.6
24050 611.7
24060 611
24070 613
24080 611.9
24090 611.5
24100 611.4
24110 611.1
24120 610.7
24130 611.6
24140 611.1
24150 612.1
24160 610.6
24170 611.2
24180 610.9
24190 611.4
24200 610.7
24210 611.2
24220 611.7
24230 611.2
24240 611.4
24250 610.8
24260 610.9
24270 611.4
24280 610.8
24290 611.8
24300 610.5
24310 611.2
24320 610.6
24330 611.3
24340 611.6
24350 611.5
24360 611.5
24370 611.4
24380 611.6
24390 611.1
24400 611.6
24410 611.4
24420 610.6
24430 611.6
24440 610.6
24450 611.2
24460 610.7
24470 611
24480 611.4
24490 610.9
24500 612.7
24510 612.3
24520 611.8
24530 612.6
24540 611.5
24550 612.6
24560 612.3
24570 613.1
24580 611.7
24590 612.6
24600 612.6
24610 612.5
24620 612.2
24630 612.6
24640 612.5
24650 612.5
24660 611.9
24670 612.5
24680 611.6
24690 612.5
24700 612
24710 612.6
24720 612.1
24730 612.1
24740 612.4
24750 612.3
24760 612.5
24770 612.2
24780 612.5
24790 612.1
24800 612.1
24810 612.2
24820 611.8
24830 612.5
24840 611.8
24850 611.9
24860 612.3
24870 611.5
24880 612.4
24890 612.1
24900 612.6
24910 612.1
24920 611.7
24930 612.5
24940 612.1
24950 612.1
24960 612.1
24970 612.7
24980 612.7
24990 611.8
25000 614.5
25010 614.5
25020 614.9
25030 614.2
25040 614.8
25050 614.6
25060 615.1
25070 615.4
25080 614
25090 614.9
25100 614.4
25110 615.7
25120 615.4
25130 614.7
25140 614.7
25150 614.8
25160 613.8
25170 614.8
25180 614.5
25190 614.9
25200 614.4
25210 615.3
25220 614.9
25230 614.6
25240 614.1
25250 614.2
25260 615
25270 614.9
25280 614.5
25290 615.1
25300 614.3
25310 614.7
25320 613.8
25330 614.4
25340 614.6
25350 614.2
25360 614.5
25370 614.6
25380 615
25390 614.8
25400 613.8
25410 616.1
25420 614.4
25430 614.9
25440 614.6
25450 614.4
25460 614.4
25470 614.8
25480 614.2
25490 614.7
25500 617.4
25510 617.2
25520 616.4
25530 617.2
25540 616.1
25550 616.5
25560 617.1
25570 617.1
25580 617.4
25590 616.4
25600 617.7
25610 617
25620 616.4
25630 616.9
25640 616.6
25650 616.8
25660 616.8
25670 616.8
25680 616.7
25690 617
25700 616.7
25710 616.2
25720 617.5
25730 617
25740 616.2
25750 616.8
25760 617.5
25770 617
25780 618
25790 616.5
25800 616.7
25810 616.3
25820 617.2
25830 617.2
25840 616.4
25850 617.2
25860 616.8
25870 616.9
25880 616.1
25890 616.6
25900 616.8
25910 617
25920 617.3
25930 616.4
25940 616.9
25950 616.8
25960 616.2
25970 616.9
25980 616.8
25990 616.9
26000 619.3
26010 618.6
26020 619.1
26030 619.2
26040 618.9
26050 619.5
26060 618.8
26070 619.5
26080 618.8
26090 619.2
26100 618.9
26110 619
26120 618.8
26130 618.7
26140 619.1
26150 619.6
26160 618.4
26170 618.9
26180 618.7
26190 618.5
26200 619
26210 618.2
26220 619.3
26230 619
26240 619.3
26250 618.8
26260 618.8
26270 618.9
26280 618.6
26290 619
26300 618.6
26310 618.7
26320 619.3
26330 618.6
26340 619.7
26350 619.4
26360 618.6
26370 619.9
26380 619.3
26390 619.8
26400 619.3
26410 619.2
26420 619.6
26430 619.2
26440 618.5
26450 619.1
26460 619.6
26470 619.3
26480 618.4
26490 619.2
26500 621.2
26510 621.2
26520 620.5
26530 620.6
26540 620.8
26550 621.5
26560 620.7
26570 621.7
26580 620.6
26590 623
26600 620.3
26610 621.3
26620 620.7
26630 620.5
26640 620.6
26650 620.8
26660 620.6
26670 621
26680 621.3
26690 621.2
26700 620.9
26710 621
26720 620.8
26730 620.5
26740 620.9
26750 620.9
26760 620.4
26770 621.2
26780 621
26790 621.1
26800 620.4
26810 620.4
26820 621.3
26830 620.7
26840 620.9
26850 620.2
26860 620.1
26870 620.9
26880 620.2
26890 620.7
26900 621
26910 620.4
26920 620.8
26930 620.4
26940 621.3
26950 620.9
26960 621.1
26970 621.4
26980 620.5
26990 621.3
27000 623
27010 623.7
27020 623.6
27030 622.7
27040 623.4
27050 623.2
27060 623.3
27070 623.6
27080 622.5
27090 623
27100 623.2
27110 623.2
27120 623.5
27130 622.8
27140 622.9
27150 623.2
27160 622.7
27170 623.3
27180 623.1
27190 623.5
27200 623.3
27210 623.5
27220 623.4
27230 623.8
27240 622.3
27250 623.2
27260 622.8
27270 623.5
27280 622.9
27290 623.1
27300 623.3
27310 622.5
27320 623
27330 623
27340 622.5
27350 623
27360 623
27370 623.7
27380 623.3
27390 623
27400 622.9
27410 622.6
27420 622.7
27430 623.4
27440 622.9
27450 623.6
27460 622.5
27470 622.9
27480 622.9
27490 622.9
27500 625.4
27510 624.9
27520 624.9
27530 625.4
27540 624.8
27550 625.1
27560 625
27570 624.8
27580 625.2
27590 624.1
27600 625
27610 625.1
27620 624.9
27630 630
27640 625.6
27650 624.5
27660 624.7
27670 625
27680 625.1
27690 625.1
27700 624.8
27710 624.8
27720 624.5
27730 624.6
27740 624.9
27750 624.8
27760 624.3
27770 624.8
27780 625.5
27790 625.2
27800 624.7
27810 625.3
27820 625.3
27830 624.9
27840 625.2
27850 625.1
27860 625.3
27870 625.5
27880 624.7
27890 624.9
27900 625
27910 624.9
27920 624.8
27930 624.5
27940 625
27950 625.4
27960 624.8
27970 625.1
27980 624.6
27990 625
28000 627.7
28010 627
28020 627.1
28030 627
28040 626.9
28050 627.2
28060 627.1
28070 627.2
28080 626.6
28090 626.4
28100 627.1
28110 627.3
28120 627.1
28130 627
28140 626.5
28150 629.7
28160 627.8
28170 626.9
28180 627.7
28190 627.9
28200 627.6
28210 627.3
28220 627.1
28230 627.1
28240 628.6
28250 626.8
28260 627.7
28270 627.2
28280 627.6
28290 627.1
28300 626.6
28310 627.4
28320 627.8
28330 627.6
28340 627.9
28350 626.7
28360 627.4
28370 627.3
28380 627.3
28390 627.4
28400 627.2
28410 627.8
28420 628.1
28430 627.4
28440 627.7
28450 627.2
28460 626.6
28470 627.6
28480 627.1
28490 627.5
28500 629.8
28510 629.2
28520 629.7
28530 629.3
28540 629.8
28550 629.8
28560 629.2
28570 629.9
28580 629.5
28590 629.4
28600 629.3
28610 628.2
28620 629.5
28630 629.7
28640 629.2
28650 629.6
28660 629.7
28670 629.3
28680 629.4
28690 628.7
28700 629.3
28710 629.6
28720 629.2
28730 629.8
28740 629.5
28750 628.7
28760 629.4
28770 629.1
28780 629.5
28790 629.7
28800 629.5
28810 629.3
28820 629.8
28830 629.3
28840 629.5
28850 628.4
28860 630.1
28870 629.8
28880 629.1
28890 629.1
28900 629.2
28910 629.1
28920 629.3
28930 628.9
28940 629.1
28950 629.7
28960 629.4
28970 629.5
28980 630
28990 629.5
29000 631.5
29010 631.5
29020 631.8
29030 631.9
29040 631.3
29050 631.5
29060 631.1
29070 631.6
29080 631
29090 631.1
29100 631.2
29110 631.9
29120 631
29130 631.7
29140 631.9
29150 631.9
29160 631.5
29170 632.2
29180 631.3
29190 632.1
29200 630.7
29210 631.7
29220 631.6
29230 631.5
29240 630.9
29250 631.5
29260 630.7
29270 632.7
29280 631
29290 631.2
29300 631.6
29310 631.5
29320 631.3
29330 631.2
29340 631.2
29350 632
29360 630.8
29370 631
29380 631.7
29390 631.5
29400 631.4
29410 631
29420 631.2
29430 632
29440 631.8
29450 631.4
29460 631.9
29470 631.8
29480 631.6
29490 631.7
29500 634.1
29510 633.9
29520 634.2
29530 633.6
29540 634.7
29550 633.7
29560 633.6
29570 633.4
29580 633.3
29590 633.6
29600 633.8
29610 633.1
29620 633.9
29630 634.1
29640 632.4
29650 633.6
29660 633.7
29670 633.8
29680 633.7
29690 633.4
29700 634.1
29710 633.9
29720 632.9
29730 633.9
29740 634.6
29750 633.2
29760 633.5
29770 635.7
29780 633.7
29790 634.2
29800 632.7
29810 633.6
29820 633.8
29830 632.9
29840 633.9
29850 634.1
29860 633.5
29870 633.2
29880 633.3
29890 633
29900 633.2
29910 633.4
29920 633.6
29930 634.2
29940 633.3
29950 633.5
29960 633
29970 632.6
29980 634.1
29990 633.1
