500 2465.7
510 2312.8
520 2303.3
530 2301.8
540 2303.7
550 2302
560 2302.3
570 2303
580 2302.5
590 2301.7
600 2302.7
610 2302.5
620 2303
630 2302.1
640 2301.1
650 2301.3
660 2303
670 2302.8
680 2302.6
690 2303.6
700 2302.4
710 2304.5
720 2300.5
730 2302.3
740 2301.7
750 2300.8
760 2303.2
770 2302.7
780 2302.3
790 2302.9
800 2302.2
810 2303.1
820 2304.2
830 2301.7
840 2302.4
850 2302.9
860 2303.4
870 2301.4
880 2302.8
890 2302.4
900 2302.3
910 2300
920 2301.7
930 2301.4
940 2302.5
950 2301.3
960 2302.2
970 2302.7
980 2302.4
990 2303.7
1000 2324
1010 2322.7
1020 2321.4
1030 2320.7
1040 2319.9
1050 2319.8
1060 2318.9
1070 2319.2
1080 2319.3
1090 2323.3
1100 2321.3
1110 2321.8
1120 2321
1130 2322.3
1140 2321.9
1150 2321.1
1160 2322.6
1170 2320
1180 2319.4
1190 2320.6
1200 2320.1
1210 2320.9
1220 2321.8
1230 2322.3
1240 2322.2
1250 2320.9
1260 2319.9
1270 2320.7
1280 2321.1
1290 2321.1
1300 2321.4
1310 2324
1320 2324
1330 2320.7
1340 2321.9
1350 2321.1
1360 2318.7
1370 2320
1380 2317.7
1390 2322.8
1400 2318.3
1410 2317.9
1420 2318.8
1430 2321
1440 2318.5
1450 2318.8
1460 2318
1470 2321.2
1480 2318.2
1490 2319.1
1500 2372.7
1510 2371.9
1520 2375.1
1530 2372.8
1540 2372.7
1550 2373.6
1560 2371.7
1570 2372.7
1580 2371
1590 2373.1
1600 2371
1610 2371.3
1620 2371
1630 2372
1640 2371.1
1650 2371.6
1660 2370.9
1670 2374.2
1680 2373.2
1690 2373.1
1700 2374.2
1710 2376
1720 2374.6
1730 2374.4
1740 2373.2
1750 2372.7
1760 2373.6
1770 2374.7
1780 2375.3
1790 2372.4
1800 2372.2
1810 2371.6
1820 2372.7
1830 2372.5
1840 2372.1
1850 2372.8
1860 2373
1870 2372.5
1880 2374.3
1890 2373
1900 2372.1
1910 2371.8
1920 2372.3
1930 2373.1
1940 2372.5
1950 2371.6
1960 2371.6
1970 2373.8
1980 2373.5
1990 2372
2000 2376.6
2010 2375.8
2020 2375.8
2030 2374.6
2040 2375.1
2050 2373.3
2060 2375.5
2070 2373.9
2080 2375.4
2090 2375.6
2100 2375.9
2110 2373.5
2120 2374.4
2130 2375.5
2140 2376.7
2150 2376.6
2160 2375.2
2170 2378.2
2180 2379
2190 2375
2200 2374.6
2210 2373.9
2220 2374.3
2230 2375.5
2240 2375.9
2250 2375.7
2260 2376
2270 2374.2
2280 2374.9
2290 2374.5
2300 2374.2
2310 2375.7
2320 2374.7
2330 2374.9
2340 2376
2350 2373
2360 2373.8
2370 2375
2380 2372.8
2390 2373.7
2400 2375.4
2410 2373.3
2420 2373.8
2430 2375.4
2440 2374.1
2450 2374.6
2460 2376.9
2470 2375.6
2480 2375.8
2490 2375.8
2500 2407.2
2510 2404.3
2520 2403.4
2530 2404.5
2540 2405
2550 2403.6
2560 2403.7
2570 2405.2
2580 2404.4
2590 2403.1
2600 2404.4
2610 2405.2
2620 2402.5
2630 2402.1
2640 2402.1
2650 2403
2660 2402.2
2670 2400.7
2680 2404.8
2690 2407.8
2700 2402.5
2710 2403.2
2720 2401.2
2730 2406.3
2740 2403.3
2750 2402.2
2760 2402
2770 2402.1
2780 2402.7
2790 2402.8
2800 2401
2810 2403.3
2820 2401.4
2830 2401.7
2840 2403.6
2850 2404
2860 2402
2870 2403.6
2880 2402
2890 2401.2
2900 2402.2
2910 2402.4
2920 2401.9
2930 2402.2
2940 2401
2950 2401.7
2960 2401.8
2970 2401.6
2980 2402.3
2990 2403.2
3000 2407.8
3010 2407.3
3020 2407.2
3030 2406.8
3040 2409.6
3050 2406.5
3060 2406.8
3070 2405.7
3080 2406.9
3090 2407.4
3100 2407.8
3110 2408.1
3120 2408.6
3130 2408
3140 2407.1
3150 2406.9
3160 2406.6
3170 2406.8
3180 2407.7
3190 2406.2
3200 2410.5
3210 2408
3220 2407.9
3230 2408.6
3240 2412.1
3250 2411.4
3260 2409.8
3270 2409.2
3280 2409.9
3290 2409
3300 2408.8
3310 2407.7
3320 2409.3
3330 2408.9
3340 2409.5
3350 2410.9
3360 2409.1
3370 2408.4
3380 2408.1
3390 2407.6
3400 2411.3
3410 2409.1
3420 2407.6
3430 2409.8
3440 2410
3450 2409
3460 2407.1
3470 2407.5
3480 2408.3
3490 2406.8
3500 2409.1
3510 2410.3
3520 2409.4
3530 2410.6
3540 2410.3
3550 2409.6
3560 2410.3
3570 2409.4
3580 2410.2
3590 2411.1
3600 2410.5
3610 2409.6
3620 2411.7
3630 2408.8
3640 2410.2
3650 2410.2
3660 2410.9
3670 2409.5
3680 2409.4
3690 2408.8
3700 2410.9
3710 2411.2
3720 2412.2
3730 2409.9
3740 2410.6
3750 2411.6
3760 2409.3
3770 2410.4
3780 2411
3790 2410.1
3800 2409.9
3810 2409.6
3820 2409.1
3830 2410.8
3840 2407.2
3850 2407.9
3860 2408.6
3870 2411
3880 2414.2
3890 2413.2
3900 2412.1
3910 2412.9
3920 2411.2
3930 2410
3940 2409.8
3950 2410.6
3960 2409.1
3970 2407.1
3980 2407.6
3990 2409.5
4000 2412.2
4010 2411.4
4020 2410.5
4030 2413.5
4040 2411.2
4050 2410.2
4060 2411
4070 2412.5
4080 2414.8
4090 2411.3
4100 2410.4
4110 2409.4
4120 2410.6
4130 2411.6
4140 2413.1
4150 2414
4160 2414.3
4170 2413.2
4180 2412.5
4190 2412.4
4200 2412
4210 2412.9
4220 2412.1
4230 2411.9
4240 2414.5
4250 2413.2
4260 2410.8
4270 2411.5
4280 2412.6
4290 2411.7
4300 2410.7
4310 2411.8
4320 2412.4
4330 2412.3
4340 2411.7
4350 2411.7
4360 2413
4370 2412
4380 2412
4390 2413.1
4400 2413
4410 2414.3
4420 2414.6
4430 2413.2
4440 2412.3
4450 2413.2
4460 2412.1
4470 2412.8
4480 2412.4
4490 2412.5
4500 2438.9
4510 2438.5
4520 2439.6
4530 2440.5
4540 2438.7
4550 2437.5
4560 2438.4
4570 2439.7
4580 2438.8
4590 2440.3
4600 2439.2
4610 2439.9
4620 2440.6
4630 2439.5
4640 2442.9
4650 2439.7
4660 2436.6
4670 2437.8
4680 2441.6
4690 2438.6
4700 2439.1
4710 2440.8
4720 2440.4
4730 2439.5
4740 2438.8
4750 2442.1
4760 2439.1
4770 2439.1
4780 2437.2
4790 2439.6
4800 2437.8
4810 2437.5
4820 2439
4830 2440.3
4840 2440
4850 2440.1
4860 2442.8
4870 2439.5
4880 2437.6
4890 2437.7
4900 2441.1
4910 2443.8
4920 2439.6
4930 2439.4
4940 2439
4950 2438.8
4960 2438.9
4970 2440
4980 2437.8
4990 2443.1
5000 2447.4
5010 2446.4
5020 2445.7
5030 2445.1
5040 2444.5
5050 2445.4
5060 2445.1
5070 2446.5
5080 2445.1
5090 2447.4
5100 2445.1
5110 2445.7
5120 2445.9
5130 2446
5140 2446.9
5150 2445
5160 2445.3
5170 2447
5180 2445.1
5190 2445.8
5200 2444.3
5210 2448.7
5220 2554.7
5230 2446.7
5240 2446.8
5250 2446.3
5260 2446.3
5270 2446
5280 2445.6
5290 2443.8
5300 2445.4
5310 2449.4
5320 2445.1
5330 2444.3
5340 2446.2
5350 2446
5360 2445.9
5370 2445.4
5380 2447.7
5390 2443.3
5400 2443.8
5410 2444.7
5420 2448.4
5430 2445.8
5440 2445.6
5450 2447
5460 2447.2
5470 2447
5480 2445.2
5490 2445.6
5500 2450.1
5510 2445.4
5520 2446.3
5530 2445.1
5540 2446.1
5550 2445.2
5560 2445.2
5570 2444.5
5580 2446.4
5590 2446.4
5600 2445.1
5610 2448.1
5620 2448.3
5630 2446.1
5640 2446.1
5650 2446.7
5660 2445.7
5670 2445.4
5680 2444.6
5690 2445.3
5700 2444.7
5710 2445.8
5720 2447.4
5730 2445
5740 2444.6
5750 2444.3
5760 2444
5770 2445
5780 2444.6
5790 2444.9
5800 2444.7
5810 2443.9
5820 2443.8
5830 2444.9
5840 2444.8
5850 2483.6
5860 2445.3
5870 2445.1
5880 2444.8
5890 2443.7
5900 2445.7
5910 2445
5920 2446
5930 2444.4
5940 2442.3
5950 2444
5960 2447.1
5970 2446
5980 2447.1
5990 2445.2
6000 2452.1
6010 2452.3
6020 2452.4
6030 2453.8
6040 2451.7
6050 2450.4
6060 2449.6
6070 2451.3
6080 2449.3
6090 2449.7
6100 2450
6110 2450.5
6120 2451.4
6130 2451.4
6140 2451.8
6150 2452.6
6160 2450
6170 2451.2
6180 2452.4
6190 2449.7
6200 2450.3
6210 2453
6220 2451.4
6230 2450.8
6240 2448.5
6250 2451
6260 2454.3
6270 2451.5
6280 2451.3
6290 2451.3
6300 2454.5
6310 2451.5
6320 2451.2
6330 2451
6340 2451.2
6350 2450.6
6360 2451.1
6370 2451.3
6380 2455.4
6390 2453.5
6400 2450.2
6410 2450.8
6420 2453.4
6430 2450.4
6440 2452
6450 2452.3
6460 2451.3
6470 2451.4
6480 2450.8
6490 2451.2
6500 2454.5
6510 2454.5
6520 2454.9
6530 2455.4
6540 2454.5
6550 2453.8
6560 2454.1
6570 2455.3
6580 2454.4
6590 2452.6
6600 2454.2
6610 2452.5
6620 2456.6
6630 2454.5
6640 2454.4
6650 2453.7
6660 2455.6
6670 2453.2
6680 2455.2
6690 2454.4
6700 2456.8
6710 2454.4
6720 2454.3
6730 2451.4
6740 2452.1
6750 2454.7
6760 2453.2
6770 2453.9
6780 2454.6
6790 2452.6
6800 2454.1
6810 2455.4
6820 2453.8
6830 2455.4
6840 2455.2
6850 2453.6
6860 2454.5
6870 2455.4
6880 2452.6
6890 2452.5
6900 2453.4
6910 2455.5
6920 2452.5
6930 2452.9
6940 2452.5
6950 2457.9
6960 2454.1
6970 2452.8
6980 2455.8
6990 2455.2
7000 2458.4
7010 2458.5
7020 2457.2
7030 2461.5
7040 2457.5
7050 2457.8
7060 2457.6
7070 2458.5
7080 2456.4
7090 2457.1
7100 2456.3
7110 2456.9
7120 2455.9
7130 2456.8
7140 2456.8
7150 2459.9
7160 2458
7170 2457.3
7180 2455.8
7190 2456.4
7200 2456.9
7210 2457
7220 2458.1
7230 2460
7240 2460
7250 2457.2
7260 2456.5
7270 2458.2
7280 2457.7
7290 2458.6
7300 2458.7
7310 2458.9
7320 2457.2
7330 2458.5
7340 2457.9
7350 2457.8
7360 2457.2
7370 2457.6
7380 2479.7
7390 2460
7400 2457.4
7410 2521.8
7420 2766.7
7430 3056.6
7440 2535.9
7450 2470.2
7460 2460.3
7470 2457.9
7480 2457.4
7490 2458.5
7500 2459
7510 2459.5
7520 2458.4
7530 2459.3
7540 2462.3
7550 2458.6
7560 2458
7570 2458.5
7580 2458.1
7590 2459.7
7600 2460.5
7610 2457.5
7620 2457.1
7630 2457.8
7640 2459.4
7650 2459.5
7660 2456.5
7670 2458
7680 2457.1
7690 2458.3
7700 2458.6
7710 2457.8
7720 2457.7
7730 2458.7
7740 2459.6
7750 2458.2
7760 2458.8
7770 2459
7780 2459.3
7790 2459.5
7800 2458.1
7810 2458.4
7820 2457.5
7830 2458.6
7840 2458.1
7850 2458.6
7860 2457.2
7870 2457.5
7880 2456.9
7890 2457.2
7900 2457.8
7910 2456.3
7920 2459.2
7930 2457.8
7940 2457.9
7950 2458.6
7960 2457.6
7970 2458
7980 2457.9
7990 2459.6
8000 2463.2
8010 2463
8020 2465.1
8030 2465.7
8040 2461.5
8050 2463
8060 2460.9
8070 2460.8
8080 2461.6
8090 2461.2
8100 2459.4
8110 2460.8
8120 2460.4
8130 2461.4
8140 2463.1
8150 2461.7
8160 2462.9
8170 2464.1
8180 2461.3
8190 2463.5
8200 2464.3
8210 2463.3
8220 2461.7
8230 2464.5
8240 2464.7
8250 2462.9
8260 2462.6
8270 2462.9
8280 2464.4
8290 2462.1
8300 2461.7
8310 2463.3
8320 2463
8330 2463.6
8340 2462.1
8350 2461.6
8360 2461.7
8370 2462.1
8380 2462.8
8390 2464
8400 2462.9
8410 2461.5
8420 2464.2
8430 2462.1
8440 2462.8
8450 2465.4
8460 2462.3
8470 2462.3
8480 2464.9
8490 2462.7
8500 2490.8
8510 2492.3
8520 2488.6
8530 2487.4
8540 2491
8550 2488
8560 2487.9
8570 2487
8580 2489
8590 2488.5
8600 2487
8610 2489.3
8620 2488.1
8630 2491.2
8640 2487.9
8650 2487
8660 2487.2
8670 2490.4
8680 2487.4
8690 2488.4
8700 2489.6
8710 2490.5
8720 2488.3
8730 2487.2
8740 2487.9
8750 2489
8760 2486.8
8770 2486.5
8780 2488.5
8790 2489.4
8800 2487.3
8810 2487
8820 2488
8830 2488.2
8840 2486.6
8850 2489.4
8860 2487.8
8870 2488.2
8880 2487.3
8890 2490.1
8900 2488.8
8910 2488.2
8920 2487
8930 2487.8
8940 2487.5
8950 2487.9
8960 2488.5
8970 2488.7
8980 2487.7
8990 2487.7
9000 2494.8
9010 2493.1
9020 2494.2
9030 2492.2
9040 2492.2
9050 2494
9060 2491.4
9070 2492
9080 2493.5
9090 2492.2
9100 2492.5
9110 2492.6
9120 2496.1
9130 2492.3
9140 2491.7
9150 2493
9160 2497.1
9170 2492.6
9180 2492.1
9190 2492.3
9200 2494.3
9210 2492
9220 2491.9
9230 2494.1
9240 2495
9250 2492.5
9260 2494
9270 2493.1
9280 2497
9290 2494.7
9300 2494.4
9310 2494.5
9320 2496.6
9330 2492.9
9340 2493.3
9350 2493.2
9360 2493.2
9370 2494
9380 2493.7
9390 2492.1
9400 2493.6
9410 2493.6
9420 2493.1
9430 2494.4
9440 2494.6
9450 2495.4
9460 2494.4
9470 2493.4
9480 2496.5
9490 2495.5
9500 2497.8
9510 2498
9520 2496.7
9530 2498.4
9540 2496.2
9550 2496.2
9560 2497
9570 2497.2
9580 2496.7
9590 2494.9
9600 2498.8
9610 2497.7
9620 2497.7
9630 2497.2
9640 2498.8
9650 2497.2
9660 2495.5
9670 2494.7
9680 2499.6
9690 2498.8
9700 2495.4
9710 2496.6
9720 2498.7
9730 2498.3
9740 2496.3
9750 2497.5
9760 2499.1
9770 2498.8
9780 2495.8
9790 2497
9800 2498.6
9810 2497.9
9820 2548
9830 2497
9840 2495.6
9850 2497.7
9860 2497.2
9870 2498.5
9880 2498
9890 2496.8
9900 2495.4
9910 2496.9
9920 2498.6
9930 2496.6
9940 2497.4
9950 2495.6
9960 2496.9
9970 2497.1
9980 2495.1
9990 2497.1
10000 2500.9
10010 2499.3
10020 2500.4
10030 2499.7
10040 2501.6
10050 2499.7
10060 2498.9
10070 2498.3
10080 2499.7
10090 2500.2
10100 2498.5
10110 2498.2
10120 2501.2
10130 2500.5
10140 2500.3
10150 2498.6
10160 2497.6
10170 2498.9
10180 2499.6
10190 2498.9
10200 2498.4
10210 2500.2
10220 2499
10230 2498.5
10240 2498
10250 2501.1
10260 2500.8
10270 2498.4
10280 2497.6
10290 2501.5
10300 2498.9
10310 2498.3
10320 2499.3
10330 2498.5
10340 2498.8
10350 2498.1
10360 2498.5
10370 2497.7
10380 2498.1
10390 2498.5
10400 2498.9
10410 2498.5
10420 2499.5
10430 2498.5
10440 2498.3
10450 2500
10460 2498.8
10470 2498
10480 2497.4
10490 2501.4
10500 2509.4
10510 2502.9
10520 2503.7
10530 2502.9
10540 2505.9
10550 2504.8
10560 2505
10570 2501.8
10580 2505
10590 2503.4
10600 2503.2
10610 2502.9
10620 2504.8
10630 2502
10640 2502.4
10650 2504.1
10660 2505.4
10670 2503.5
10680 2503.4
10690 2502.5
10700 2505.3
10710 2505.8
10720 2506
10730 2503.1
10740 2502.2
10750 2505.5
10760 2504
10770 2504
10780 2501.7
10790 2502.3
10800 2502.6
10810 2501.7
10820 2503.5
10830 2503.2
10840 2502.8
10850 2502.5
10860 2504.4
10870 2501.7
10880 2502.5
10890 2502.8
10900 2503.3
10910 2504.5
10920 2503.4
10930 2502.2
10940 2504.1
10950 2504.6
10960 2503
10970 2505.6
10980 2502.1
10990 2506
11000 2505.7
11010 2503.9
11020 2504.1
11030 2506
11040 2507.9
11050 2503.9
11060 2503.4
11070 2502.9
11080 2501.9
11090 2505
11100 2505.5
11110 2506.6
11120 2505.1
11130 2506.2
11140 2502.1
11150 2501.8
11160 2502.8
11170 2501.8
11180 2503.5
11190 2503.8
11200 2504.8
11210 2504.2
11220 2503.8
11230 2504.4
11240 2502.9
11250 2504
11260 2504.6
11270 2504.3
11280 2503.1
11290 2504.8
11300 2504.8
11310 2505.7
11320 2502
11330 2504.6
11340 2501.6
11350 2502.6
11360 2503.1
11370 2505
11380 2504.4
11390 2503.3
11400 2501.7
11410 2501.7
11420 2504.9
11430 2503.5
11440 2503.1
11450 2504.1
11460 2503.8
11470 2502.4
11480 2500.3
11490 2502.2
11500 2508.9
11510 2508.6
11520 2507.4
11530 2506.4
11540 2507.2
11550 2507.2
11560 2508.7
11570 2508.5
11580 2509
11590 2508.1
11600 2507
11610 2506.6
11620 2507.5
11630 2508.1
11640 2511.6
11650 2506.7
11660 2506.2
11670 2509
11680 2510
11690 2507.8
11700 2508.7
11710 2508.7
11720 2511.2
11730 2507.5
11740 2507
11750 2508.6
11760 2518.2
11770 2507.9
11780 2507
11790 2508.5
11800 2512.7
11810 2506.1
11820 2508.1
11830 2508.1
11840 2507.7
11850 2508.4
11860 2506.7
11870 2508.2
11880 2506.5
11890 2507.2
11900 2507.9
11910 2507.7
11920 2511
11930 2507.2
11940 2506.2
11950 2509.3
11960 2508.9
11970 2506.6
11980 2506.7
11990 2507.9
12000 2512.3
12010 2512.3
12020 2513.1
12030 2512.8
12040 2509.9
12050 2509.7
12060 2510.8
12070 2511.3
12080 2511.3
12090 2512.3
12100 2510.6
12110 2511.2
12120 2513.1
12130 2512.3
12140 2514.1
12150 2512.7
12160 2513.2
12170 2511.6
12180 2513
12190 2511
12200 2526.2
12210 2514.3
12220 2512.2
12230 2513.1
12240 2512.2
12250 2514.2
12260 2510.7
12270 2510.9
12280 2510.3
12290 2513.2
12300 2512.9
12310 2511.9
12320 2511.9
12330 2513.3
12340 2512.3
12350 2511.8
12360 2512.6
12370 2513.4
12380 2513.2
12390 2512.5
12400 2511.8
12410 2514.5
12420 2512.3
12430 2513.4
12440 2512.3
12450 2512.9
12460 2513.4
12470 2510.9
12480 2511.1
12490 2512.3
12500 2521.9
12510 2518.6
12520 2519.5
12530 2518.1
12540 2518.5
12550 2519.7
12560 2518.7
12570 2518.8
12580 2519.6
12590 2518.4
12600 2518.7
12610 2519.5
12620 2519.3
12630 2519.9
12640 2519.8
12650 2519.3
12660 2518.9
12670 2522.8
12680 2521.5
12690 2518.8
12700 2522.2
12710 2519.3
12720 2518.5
12730 2522.3
12740 2522.7
12750 2519.9
12760 2520.6
12770 2519.8
12780 2523.2
12790 2520
12800 2519.8
12810 2517.6
12820 2522.4
12830 2520.2
12840 2519.1
12850 2519.6
12860 2521.7
12870 2520.2
12880 2518.2
12890 2519.9
12900 2521
12910 2520.5
12920 2518.7
12930 2520.9
12940 2525.5
12950 2521.8
12960 2521.3
12970 2520.9
12980 2523
12990 2524.5
13000 2521.3
13010 2518.1
13020 2518.3
13030 2517.5
13040 2516.9
13050 2519.7
13060 2517.5
13070 2516.2
13080 2518.2
13090 2518.8
13100 2519.2
13110 2518.6
13120 2519.1
13130 2517.7
13140 2517.8
13150 2518.5
13160 2517.1
13170 2519.4
13180 2517.5
13190 2519
13200 2518.5
13210 2519.2
13220 2518.1
13230 2518.3
13240 2517.5
13250 2518.3
13260 2518.7
13270 2519.9
13280 2517.5
13290 2518
13300 2516.9
13310 2516.2
13320 2515.7
13330 2518.9
13340 2518.4
13350 2517.7
13360 2517.7
13370 2514.7
13380 2520.1
13390 2518.5
13400 2515.9
13410 2517.6
13420 2517.3
13430 2519.2
13440 2517.2
13450 2516
13460 2515.8
13470 2520.5
13480 2517.6
13490 2516.2
13500 2522.3
13510 2522.4
13520 2519.2
13530 2521
13540 2521.6
13550 2523.4
13560 2520.7
13570 2520.5
13580 2520.7
13590 2522.5
13600 2522.3
13610 2520.2
13620 2519.6
13630 2523.1
13640 2523.4
13650 2521.2
13660 2522.1
13670 2520
13680 2521.5
13690 2520
13700 2520.6
13710 2521.3
13720 2520
13730 2519.6
13740 2520.9
13750 2522.5
13760 2521.8
13770 2519.2
13780 2518.9
13790 2519.7
13800 2518.9
13810 2518.6
13820 2519.4
13830 2519.3
13840 2520.8
13850 2519.6
13860 2521.8
13870 2521.4
13880 2519.3
13890 2519.3
13900 2519.3
13910 2521
13920 2521.3
13930 2521.5
13940 2522
13950 2522.5
13960 2518.3
13970 2520.7
13980 2520.3
13990 2520.8
14000 2530.7
14010 2526
14020 2525.5
14030 2525.3
14040 2527.8
14050 2523.9
14060 2525.7
14070 2525.2
14080 2528
14090 2525
14100 2525.9
14110 2525.9
14120 2525.9
14130 2524.8
14140 2528.1
14150 2525.7
14160 2525
14170 2524.2
14180 2524.7
14190 2525.6
14200 2525.3
14210 2526
14220 2525.4
14230 2526.6
14240 2525.1
14250 2525
14260 2524.8
14270 2526.1
14280 2525.5
14290 2527.4
14300 2525.5
14310 2525.6
14320 2526.5
14330 2526.9
14340 2523.3
14350 2523.5
14360 2523.9
14370 2525.1
14380 2523.4
14390 2522.8
14400 2524
14410 2528.2
14420 2525.8
14430 2525.1
14440 2524.7
14450 2529.7
14460 2525.9
14470 2525.1
14480 2526.5
14490 2524.4
14500 2526.4
14510 2528.3
14520 2528.6
14530 2526.6
14540 2527
14550 2527
14560 2525.2
14570 2524
14580 2526.7
14590 2527.2
14600 2525.5
14610 2525.2
14620 2526
14630 2527.6
14640 2527.3
14650 2528.9
14660 2527.6
14670 2527.5
14680 2526.9
14690 2526.9
14700 2527.9
14710 2528
14720 2527.9
14730 2526.2
14740 2527.7
14750 2529.5
14760 2527.7
14770 2528.1
14780 2527.3
14790 2527.1
14800 2528
14810 2529.9
14820 2526.9
14830 2527.4
14840 2526.6
14850 2530.9
14860 2526.9
14870 2527.1
14880 2529.3
14890 2531.1
14900 2526.6
14910 2528.6
14920 2526.8
14930 2527.4
14940 2529.3
14950 2529.4
14960 2528.8
14970 2529.7
14980 2526.2
14990 2529.9
15000 2540.6
15010 2539.7
15020 2540.4
15030 2538.3
15040 2539.2
15050 2539.5
15060 2541.1
15070 2538.7
15080 2539.1
15090 2537.3
15100 2538.5
15110 2539
15120 2537.8
15130 2538.6
15140 2538.5
15150 2538.7
15160 2538.8
15170 2536.7
15180 2538.7
15190 2539.9
15200 2538.1
15210 2537.5
15220 2535.6
15230 2538.7
15240 2538.2
15250 2539
15260 2539.2
15270 2538.6
15280 2540.5
15290 2538.1
15300 2540.2
15310 2539.2
15320 2538
15330 2537.6
15340 2537.9
15350 2539.3
15360 2539.7
15370 2536
15380 2539.2
15390 2538.1
15400 2538.3
15410 2539.4
15420 2539.3
15430 2538.9
15440 2535.8
15450 2537.7
15460 2541
15470 2537.8
15480 2537.9
15490 2538.7
15500 2535
15510 2536.4
15520 2532.1
15530 2530.4
15540 2534.2
15550 2532.7
15560 2533.4
15570 2531.8
15580 2531.8
15590 2532.1
15600 2532
15610 2531.9
15620 2532.7
15630 2531.5
15640 2533
15650 2533.1
15660 2533.2
15670 2532.1
15680 2529.7
15690 2528.9
15700 2531.5
15710 2532.1
15720 2530.8
15730 2531.8
15740 2530.4
15750 2530.9
15760 2532.5
15770 2530.7
15780 2530.9
15790 2531.1
15800 2532.3
15810 2531.1
15820 2529.5
15830 2532.4
15840 2531.3
15850 2531.2
15860 2530.5
15870 2529.8
15880 2530.8
15890 2531.8
15900 2530.9
15910 2531
15920 2530.7
15930 2529.8
15940 2532.3
15950 2534.5
15960 2531.4
15970 2532.1
15980 2532.1
15990 2534
16000 2537
16010 2534.3
16020 2535.9
16030 2540.8
16040 2536.7
16050 2536.7
16060 2538.6
16070 2537.7
16080 2535.6
16090 2534.8
16100 2536.6
16110 2539.2
16120 2534.4
16130 2533.9
16140 2535.8
16150 2536.9
16160 2535.9
16170 2534.1
16180 2536.7
16190 2535.5
16200 2534.8
16210 2535.3
16220 2535.9
16230 2536.8
16240 2537.7
16250 2535.7
16260 2539.1
16270 2536.5
16280 2536
16290 2535.8
16300 2537.5
16310 2537.2
16320 2535.3
16330 2535.3
16340 2536.7
16350 2538.3
16360 2535.9
16370 2536.7
16380 2535.8
16390 2539.4
16400 2537.1
16410 2534.2
16420 2536.3
16430 2537.6
16440 2536.4
16450 2536
16460 2538.4
16470 2536.6
16480 2535
16490 2534
16500 2573.5
16510 2575.7
16520 2576.3
16530 2575.3
16540 2573.9
16550 2576.3
16560 2575.5
16570 2572.6
16580 2574.9
16590 2575.2
16600 2576.1
16610 2577.2
16620 2574.1
16630 2579.9
16640 2576.2
16650 2575.9
16660 2574.1
16670 2579
16680 2575.7
16690 2576.6
16700 2575.2
16710 2580.4
16720 2576.9
16730 2574.9
16740 2572.8
16750 2573.4
16760 2575.2
16770 2573.3
16780 2573.1
16790 2576.7
16800 2573.8
16810 2576.7
16820 2574.9
16830 2573.7
16840 2576.9
16850 2575.7
16860 2574.3
16870 2574.5
16880 2576.5
16890 2575.6
16900 2576.7
16910 2575.2
16920 2577.6
16930 2574.3
16940 2572.9
16950 2574.3
16960 2574.7
16970 2574
16980 2574.5
16990 2572.3
17000 2583.8
17010 2581.6
17020 2578.2
17030 2581.5
17040 2581.8
17050 2581.4
17060 2582.8
17070 2580.9
17080 2585.2
17090 2583.4
17100 2582.2
17110 2581.1
17120 2587.7
17130 2581.2
17140 2582.8
17150 2583.4
17160 2588.8
17170 2585.3
17180 2583.3
17190 2585.2
17200 2586.7
17210 2581.3
17220 2582
17230 2581.4
17240 2586
17250 2581.1
17260 2580.4
17270 2583.4
17280 2586.8
17290 2584.4
17300 2582.2
17310 2582.4
17320 2580.8
17330 2582
17340 2579.5
17350 2581.2
17360 2586.3
17370 2584.3
17380 2580.1
17390 2578.6
17400 2584.8
17410 2580.5
17420 2577.6
17430 2582.7
17440 2582.7
17450 2583.5
17460 2582.9
17470 2582.9
17480 2583
17490 2585.6
17500 2580.8
17510 2579.3
17520 2581.5
17530 2581
17540 2580.4
17550 2581.7
17560 2582.8
17570 2583
17580 2580.5
17590 2581.5
17600 2583.2
17610 2581.5
17620 2580.1
17630 2581.9
17640 2582.3
17650 2583.1
17660 2584
17670 2580.5
17680 2583
17690 2582.9
17700 2581.6
17710 2580
17720 2580.8
17730 2582.5
17740 2585.1
17750 2580.5
17760 2582.1
17770 2580.3
17780 2582.2
17790 2579.7
17800 2579.5
17810 2579.6
17820 2581.3
17830 2579.4
17840 2580.1
17850 2579.5
17860 2582.2
17870 2580.5
17880 2582.3
17890 2579.2
17900 2582.1
17910 2580.6
17920 2580.9
17930 2581.7
17940 2582.2
17950 2582.7
17960 2581.2
17970 2580.3
17980 2581.1
17990 2580
18000 2592.8
18010 2590.1
18020 2594.1
18030 2591.3
18040 2590.3
18050 2590.8
18060 2591.5
18070 2588.8
18080 2589
18090 2588
18100 2591.6
18110 2588.2
18120 2588.7
18130 2588.8
18140 2590.9
18150 2591.3
18160 2590.8
18170 2590.1
18180 2589.5
18190 2589.7
18200 2590.5
18210 2589.8
18220 2590.9
18230 2589.7
18240 2589.4
18250 2589.1
18260 2590.4
18270 2590
18280 2588.8
18290 2588.3
18300 2589.1
18310 2592
18320 2588.6
18330 2588.6
18340 2587.4
18350 2589.7
18360 2587.3
18370 2587.7
18380 2588.4
18390 2590.8
18400 2587.3
18410 2588.4
18420 2587.4
18430 2589.5
18440 2587.9
18450 2588.9
18460 2588.6
18470 2592.3
18480 2594.6
18490 2591.7
18500 2610.5
18510 2592.4
18520 2594.8
18530 2590.3
18540 2589.7
18550 2589.4
18560 2589.5
18570 2593.4
18580 2589.9
18590 2590.2
18600 2592.4
18610 2592.4
18620 2589.7
18630 2589.1
18640 2589.5
18650 2591.3
18660 2589.3
18670 2592.2
18680 2602.7
18690 2593.2
18700 2588.9
18710 2589
18720 2601.2
18730 2608.8
18740 2591.8
18750 2588.6
18760 2589.8
18770 2594.5
18780 2588.4
18790 2594.3
18800 2603.3
18810 2598
18820 2588.6
18830 2588.9
18840 2604.5
18850 2603.7
18860 2588.9
18870 2590.7
18880 2592.5
18890 2591.8
18900 2589.8
18910 2591.4
18920 2591
18930 2590.5
18940 2589.7
18950 2591.3
18960 2592.2
18970 2592.8
18980 2599.2
18990 2594.2
19000 2589
19010 2585.9
19020 2587.6
19030 2590.9
19040 2585.5
19050 2591.2
19060 2586.2
19070 2586.4
19080 2592
19090 2584.1
19100 2584.8
19110 2588.8
19120 2600.9
19130 2606.8
19140 2598.8
19150 2584.6
19160 2605.6
19170 2594.6
19180 2590.7
19190 2585.8
19200 2586.9
19210 2588.5
19220 2613
19230 2596.3
19240 2599
19250 2588.9
19260 2589.4
19270 2597.2
19280 2585.1
19290 2586.5
19300 2584.7
19310 2585.1
19320 2587.9
19330 2585.2
19340 2584.7
19350 2585.9
19360 2594.3
19370 2594.5
19380 2586.3
19390 2583.9
19400 2594.6
19410 2603.9
19420 2587.4
19430 2585.3
19440 2586.9
19450 2605.6
19460 2591.3
19470 2595.6
19480 2596.6
19490 2595.9
19500 2597.3
19510 2593
19520 2596.4
19530 2591
19540 2592.8
19550 2593
19560 2591.3
19570 2590.9
19580 2587.2
19590 2587.9
19600 2593.1
19610 2589
19620 2595.7
19630 2588.3
19640 2589.4
19650 2593
19660 2597.8
19670 2593.3
19680 2593.6
19690 2590.2
19700 2589.5
19710 2591.6
19720 2591.8
19730 2591.1
19740 2592.9
19750 2593.3
19760 2592.4
19770 2592.1
19780 2589.7
19790 2591.8
19800 2592.3
19810 2595.4
19820 2597.6
19830 2601.2
19840 2600.7
19850 2591.5
19860 2605.3
19870 2598.6
19880 2591.2
19890 2592.7
19900 2589.9
19910 2595.8
19920 2596
19930 2606.2
19940 2606.6
19950 2590.4
19960 2593.7
19970 2595.6
19980 2589.8
19990 2592.7
20000 2597.5
20010 2606.1
20020 2605.6
20030 2608.7
20040 2595.6
20050 2597.9
20060 2593.8
20070 2593.1
20080 2601.3
20090 2605.4
20100 2603
20110 2595.5
20120 2594.1
20130 2595.4
20140 2596.4
20150 2608.1
20160 2601.3
20170 2592.9
20180 2597.7
20190 2603.8
20200 2595.3
20210 2594.9
20220 2594.8
20230 2598.2
20240 2603.3
20250 2606.4
20260 2599.6
20270 2597.9
20280 2594.9
20290 2603.9
20300 2610.7
20310 2602.3
20320 2597.6
20330 2599.7
20340 2600.7
20350 2595.4
20360 2595.4
20370 2599.7
20380 2605.1
20390 2603.2
20400 2599.5
20410 2592.7
20420 2595.1
20430 2615.6
20440 2608.7
20450 2593.3
20460 2593.3
20470 2604
20480 2596.7
20490 2596.1
20500 2604
20510 2601.5
20520 2607.4
20530 2614.2
20540 2606.7
20550 2603.8
20560 2607.8
20570 2613.4
20580 2602.2
20590 2599.9
20600 2603.5
20610 2598.8
20620 2627.8
20630 2609.3
20640 2603.3
20650 2601.1
20660 2606.3
20670 2604.8
20680 2598
20690 2598.3
20700 2598.2
20710 2608.9
20720 2612
20730 2601.4
20740 2602.1
20750 2602
20760 2618.6
20770 2609
20780 2600.4
20790 2600.5
20800 2609.7
20810 2610.2
20820 2601
20830 2599.7
20840 2601.7
20850 2603.7
20860 2599.9
20870 2602.6
20880 2606.3
20890 2606.7
20900 2599.5
20910 2601.4
20920 2606.7
20930 2607.1
20940 2603.8
20950 2601.1
20960 2599.3
20970 2622.1
20980 2603.2
20990 2602.3
21000 2607.2
21010 2620.3
21020 2607.6
21030 2607.9
21040 2609.9
21050 2618.9
21060 2611.4
21070 2607
21080 2605.3
21090 2603.8
21100 2604.2
21110 2603.9
21120 2612.1
21130 2606
21140 2607.3
21150 2605.3
21160 2606
21170 2603.9
21180 2607.6
21190 2606.8
21200 2607.7
21210 2606.6
21220 2608.2
21230 2607.6
21240 2606
21250 2604.2
21260 2606.1
21270 2613.7
21280 2616.1
21290 2618.4
21300 2620.3
21310 2619
21320 2619.9
21330 2614.2
21340 2605.6
21350 2607.1
21360 2606.2
21370 2621.5
21380 2618.8
21390 2605.7
21400 2605.8
21410 2604.7
21420 2603.6
21430 2606.2
21440 2608.1
21450 2621.6
21460 2619.1
21470 2618
21480 2618.2
21490 2608.5
21500 2603.5
21510 2603.6
21520 2601.1
21530 2602.1
21540 2603
21550 2613.3
21560 2623.9
21570 2614.4
21580 2617.9
21590 2608.3
21600 2612.6
21610 2604.2
21620 2601.4
21630 2601.8
21640 2607.3
21650 2615.9
21660 2613.8
21670 2606.8
21680 2603.2
21690 2610.2
21700 2611.1
21710 2601.6
21720 2600.3
21730 2602.2
21740 2611.4
21750 2617
21760 2607.9
21770 2603
21780 2620.1
21790 2618.4
21800 2606.7
21810 2602.3
21820 2600.9
21830 2606.3
21840 2613.7
21850 2618.9
21860 2603
21870 2603.5
21880 2604.1
21890 2606
21900 2602.9
21910 2601.2
21920 2614.6
21930 2614.5
21940 2603.3
21950 2600.7
21960 2605.6
21970 2617.4
21980 2602.8
21990 2600.6
22000 2606.5
22010 2604.6
22020 2621.3
22030 2616
22040 2607.2
22050 2603.8
22060 2602.6
22070 2612.1
22080 2617.7
22090 2616.1
22100 2606.4
22110 2602.8
22120 2629.1
22130 2614.4
22140 2611.4
22150 3181.5
22160 2484.8
22170 2634.3
22180 2631.4
22190 2647.4
22200 2615.3
22210 2620.3
22220 2642.5
22230 2607.9
22240 2608.7
22250 2609.7
22260 2606.7
22270 2610.2
22280 2609.3
22290 2605.3
22300 2604.2
22310 2605.7
22320 2604.2
22330 2603.3
22340 2603.9
22350 2604.5
22360 2603.9
22370 2604.7
22380 2603.4
22390 2604.3
22400 2606.5
22410 2608.8
22420 2604.9
22430 2604.4
22440 2605.9
22450 2608.2
22460 2605
22470 2605.4
22480 2605.4
22490 2601
22500 2607
22510 2608.3
22520 2607.4
22530 2612.8
22540 2607
22550 2612.3
22560 2609.2
22570 2608.9
22580 2606
22590 2609.3
22600 2610.4
22610 2610.9
22620 2612.1
22630 2608.1
22640 2611
22650 2608.8
22660 2607.6
22670 2606.9
22680 2607.1
22690 2610
22700 2606.4
22710 2607.2
22720 2608.9
22730 2611.8
22740 2608.4
22750 2606.6
22760 2610.2
22770 2608.5
22780 2611.5
22790 2606.9
22800 2608.5
22810 2608.8
22820 2610.5
22830 2609
22840 2608.6
22850 2608.7
22860 2607
22870 2606.5
22880 2609.6
22890 2607.7
22900 2610.9
22910 2661.8
22920 2627.7
22930 2638.9
22940 2630.2
22950 2625.4
22960 2623.4
22970 2609.3
22980 2621
22990 2610
23000 2608.9
23010 2609.3
23020 2609.5
23030 2612.3
23040 2608.1
23050 2608.9
23060 2619.4
23070 2614.4
23080 2625
23090 2612
23100 2609.1
23110 2608.8
23120 2615.4
23130 2613.4
23140 2618.6
23150 2609.9
23160 2623.4
23170 2610.2
23180 2622.1
23190 2614.5
23200 2608
23210 2253.3
23220 2623.9
23230 3075.3
23240 2715.9
23250 2599
23260 2598.7
23270 2599.9
23280 2602.6
23290 2600.7
23300 2600.9
23310 2605.5
23320 2623.3
23330 2597.1
23340 2597.3
23350 2597.9
23360 2597.8
23370 2597
23380 2596.6
23390 2597.5
23400 2597.9
23410 2594.3
23420 2597.2
23430 2595.4
23440 2597.2
23450 2599.6
23460 2599.9
23470 2619.6
23480 2600.3
23490 2595.5
23500 2599.5
23510 2603.3
23520 2596.6
23530 2595.1
23540 2595.8
23550 2599.7
23560 2595.3
23570 2594.4
23580 2596.5
23590 2598.9
23600 2595.7
23610 2597.1
23620 2592.8
23630 2593.3
23640 2593.8
23650 2592.9
23660 2592.6
23670 2593.3
23680 2593.4
23690 2592.8
23700 2592.3
23710 2592.8
23720 2593.3
23730 2591.1
23740 2592.2
23750 2595.8
23760 2595.6
23770 2595.3
23780 2595.3
23790 2596
23800 2597.6
23810 2592.5
23820 2592.7
23830 2595.5
23840 2596.4
23850 2596
23860 2605.8
23870 2612.9
23880 2611.7
23890 2610.5
23900 2609.8
23910 2609.3
23920 2611.4
23930 2612.6
23940 2610.3
23950 2611.9
23960 2609.7
23970 2608.7
23980 2609
23990 2609.7
24000 2620.8
24010 2617.1
24020 2617.2
24030 2616.6
24040 2620.4
24050 2619.1
24060 2618
24070 2617.7
24080 2621.3
24090 2619.9
24100 2618.9
24110 2618.3
24120 2621.3
24130 2619.4
24140 2620.5
24150 2617.6
24160 2618.1
24170 2619.7
24180 2616.5
24190 2618.8
24200 2619.5
24210 2618.5
24220 2621.6
24230 2621.8
24240 2622.2
24250 2619.2
24260 2620.2
24270 2623.2
24280 2617.4
24290 2617.2
24300 2618.5
24310 2622.6
24320 2621
24330 2621.9
24340 2621.9
24350 2619.7
24360 2623.3
24370 2620.3
24380 2617.8
24390 2622.4
24400 2620.5
24410 2618.8
24420 2620.1
24430 2619.2
24440 2621.4
24450 2618.6
24460 2618.7
24470 2617.6
24480 2621.9
24490 2621
24500 2618.4
24510 2618.5
24520 2617.9
24530 2618.9
24540 2618.6
24550 2617.7
24560 2617.1
24570 2618.4
24580 2618.2
24590 2620.1
24600 2618.7
24610 2619.7
24620 2618.6
24630 2622.7
24640 2621.2
24650 2618.1
24660 2617.2
24670 2619.2
24680 2619.7
24690 2621.8
24700 2618.4
24710 2617.5
24720 2618.7
24730 2620
24740 2618.4
24750 2618.4
24760 2623.2
24770 2618.3
24780 2619.4
24790 2619.5
24800 2617.9
24810 2620.1
24820 2616.9
24830 2616
24840 2616.1
24850 2617.8
24860 2617.4
24870 2622.7
24880 2617.9
24890 2619.7
24900 2618.4
24910 2620.5
24920 2620.1
24930 2621
24940 2618.2
24950 2619.8
24960 2620.3
24970 2619.2
24980 2620.7
24990 2619.6
25000 2623.4
25010 2624.6
25020 2622
25030 2625.3
25040 2647.1
25050 2641.7
25060 2635.3
25070 2634.6
25080 2636.2
25090 2638.3
25100 2637.3
25110 2635.3
25120 2635.3
25130 2645.9
25140 2648
25150 2635.6
25160 2652.5
25170 2647.5
25180 2646.1
25190 2636.2
25200 2650.7
25210 2635.6
25220 2637.9
25230 2634.3
25240 2637.8
25250 2634.1
25260 2638.6
25270 2634.4
25280 2639.1
25290 2644.6
25300 2638.5
25310 2634.9
25320 2634.2
25330 2635.3
25340 2642.9
25350 2636.1
25360 2634.9
25370 2636.5
25380 2689.5
25390 2643.6
25400 2650.9
25410 2663.2
25420 2639.1
25430 2627.4
25440 2627.3
25450 2626
25460 2651.6
25470 2627.1
25480 2634.5
25490 2624.2
25500 2623.3
25510 2630.4
25520 2626.8
25530 2621.9
25540 2621
25550 2619.5
25560 2626
25570 2622.3
25580 2623.4
25590 2624.4
25600 2624.2
25610 2622.4
25620 2622.6
25630 2622.4
25640 2627.3
25650 2623.4
25660 2623.7
25670 2621.2
25680 2621
25690 2622.2
25700 2624.5
25710 2624.3
25720 2623
25730 2635.3
25740 2621.5
25750 2620.6
25760 2624.6
25770 2621.2
25780 2631.6
25790 2624.6
25800 2623.1
25810 2620.1
25820 2622
25830 2622.6
25840 2619.8
25850 2622.8
25860 2622.6
25870 2623.9
25880 2622.7
25890 2623.6
25900 2624.1
25910 2623.2
25920 2620.9
25930 2620.6
25940 2621.5
25950 2622.5
25960 2624.4
25970 2623.6
25980 2622
25990 2624.8
26000 2632.4
26010 2624.2
26020 2625.9
26030 2626.7
26040 2625.2
26050 2625.4
26060 2626
26070 2624.8
26080 2626.9
26090 2623.2
26100 2624.2
26110 2624.1
26120 2631.1
26130 2626.9
26140 2959.5
26150 2632.2
26160 2609.3
26170 2605.4
26180 2606.9
26190 2605.6
26200 2610.8
26210 2607.6
26220 2607.9
26230 2613.7
26240 2614.6
26250 2612
26260 2609.6
26270 2608.4
26280 2607.9
26290 2607.6
26300 2608.8
26310 2609
26320 2609.4
26330 2610.4
26340 2607.9
26350 3106.4
26360 3006.1
26370 2609
26380 2606.8
26390 2606.6
26400 2608.2
26410 2605.8
26420 2605.7
26430 2606.1
26440 2607.7
26450 2605.3
26460 2605.2
26470 2644.6
26480 2679.3
26490 2623.7
26500 2344.4
26510 3059.8
26520 3152.6
26530 3079.7
26540 3032.9
26550 3037.1
26560 3167.6
26570 3160.4
26580 3051.9
26590 3049.2
26600 3006.8
26610 3009.8
26620 2949.6
26630 2959.5
26640 2825.5
26650 2967.4
26660 3036.7
26670 2984.1
26680 3072.3
26690 3096.3
26700 3094.4
26710 3081
26720 3116.8
26730 3091.6
26740 3078.8
26750 2918.1
26760 2627.3
26770 2633.9
26780 2629.2
26790 2636
26800 2632.3
26810 2629.4
26820 2628.5
26830 2627.5
26840 2624.9
26850 2629.8
26860 2628.7
26870 2635.8
26880 2632.7
26890 2629.6
26900 2631.6
26910 2627.3
26920 2626.9
26930 2628.2
26940 2627.5
26950 2635.8
26960 2641.1
26970 2629.9
26980 2631.5
26990 2628.4
27000 2630.9
27010 2633
27020 2633.3
27030 2637.8
27040 2633.5
27050 2632
27060 2637.5
27070 2637.4
27080 2632.6
27090 2633.3
27100 2638.5
27110 2642.3
27120 2634.9
27130 2631.3
27140 2632.5
27150 2633
27160 2633.6
27170 2632.4
27180 2636.4
27190 2637.8
27200 2633
27210 2634.7
27220 2632.3
27230 2631.1
27240 2630
27250 2631.3
27260 2637.5
27270 2635.8
27280 2633
27290 2630.1
27300 2632.3
27310 2630.7
27320 2629.8
27330 2629.8
27340 2636.3
27350 2635.4
27360 2751.5
27370 2738
27380 2688.9
27390 2632.3
27400 2631.3
27410 2631.3
27420 2636.9
27430 2635.6
27440 2631.6
27450 2633
27460 2633.4
27470 2633.2
27480 2633.4
27490 2631.5
27500 2640.3
27510 2633.8
27520 2632.6
27530 2631.7
27540 2634.3
27550 2633.7
27560 2633.7
27570 2747.6
27580 2950.4
27590 2842
27600 2895.5
27610 2895.9
27620 2986.6
27630 3026.8
27640 2846.9
27650 2932.6
27660 2761.7
27670 2840
27680 2822.9
27690 2717.2
27700 2800.2
27710 2838.8
27720 2879.6
27730 2968.7
27740 2960.7
27750 2950.5
27760 2888.7
27770 2859.2
27780 2850.6
27790 2883.4
27800 2922
27810 2890.3
27820 2884.5
27830 2918.4
27840 2901.9
27850 2849.5
27860 2805.1
27870 2812.9
27880 2847.1
27890 3077.7
27900 3092.5
27910 2803.9
27920 2711.1
27930 2651
27940 2636.4
27950 2635
27960 2630.4
27970 2630.7
27980 2635.3
27990 2634.6
28000 2643.5
28010 2634.1
28020 2637.7
28030 2636.1
28040 2633.9
28050 2634.3
28060 2676.9
28070 2636.7
28080 2653.5
28090 2637.1
28100 2636.3
28110 2647.6
28120 2788
28130 2632.6
28140 2634.2
28150 2634.5
28160 2638.8
28170 2634.5
28180 2632.8
28190 2630.8
28200 2633.6
28210 2633.7
28220 2635.2
28230 2631.7
28240 2637.9
28250 2635.1
28260 2632.9
28270 2636.1
28280 2633.6
28290 2636.3
28300 2634
28310 2633.6
28320 2640.7
28330 2636.8
28340 2635
28350 2636.5
28360 2632.7
28370 2633.5
28380 2635.4
28390 3030.3
28400 3177
28410 3259.7
28420 2802.4
28430 2637.6
28440 2634.4
28450 2636.3
28460 2640.3
28470 2639.7
28480 2633.5
28490 2632.8
28500 2641.5
28510 2638.9
28520 2639.9
28530 2458.7
28540 3166.8
28550 2746.3
28560 2644.2
28570 2639.3
28580 2639.9
28590 2636.2
28600 2637.7
28610 2641.8
28620 2640.9
28630 2640
28640 2637.3
28650 2639
28660 2637.8
28670 2893.4
28680 2645.4
28690 2641.2
28700 2642.1
28710 2290.2
28720 2343.2
28730 3000.5
28740 2640
28750 2646.9
28760 2644.9
28770 2647
28780 2644.3
28790 2641.8
28800 2638.9
28810 2640
28820 2641.6
28830 2693
28840 2635.5
28850 2638.9
28860 2641.7
28870 2641.2
28880 2653.7
28890 3011.1
28900 2614.9
28910 2452.8
28920 3660.2
28930 3051.2
28940 2944
28950 2630.7
28960 2638.7
28970 2645.5
28980 2643
28990 2640.7
29000 2641.8
29010 2638.6
29020 2642
29030 2646.1
29040 2640.4
29050 2638.4
29060 2639.9
29070 2639.3
29080 2639.6
29090 2639.1
29100 2775.6
29110 2649.8
29120 2659.4
29130 2640.5
29140 2641
29150 2639
29160 2639.9
29170 2639.7
29180 2639.9
29190 2649.8
29200 3074
29210 3025.9
29220 3159.4
29230 2847.3
29240 2625.8
29250 2647.8
29260 2642.6
29270 2640.7
29280 2643.3
29290 2639.5
29300 2640.4
29310 2638.7
29320 2644.5
29330 2643.7
29340 2640.4
29350 2640.8
29360 2650.2
29370 2642.5
29380 2642.7
29390 2639.5
29400 2643.9
29410 2356.3
29420 2685.8
29430 2552
29440 2862.3
29450 2642
29460 2673.7
29470 2650.8
29480 2642.8
29490 2640.6
29500 2644.9
29510 2643.3
29520 2643.2
29530 2643
29540 2646
29550 2653.3
29560 2646.8
29570 2642.3
29580 2650.8
29590 2645.3
29600 2217.7
29610 2258.4
29620 2764.4
29630 2715.4
29640 2647.5
29650 2645.9
29660 2645.5
29670 2648.2
29680 2648.6
29690 2649.5
29700 2645.1
29710 2643.8
29720 2968.2
29730 2763.6
29740 2647.9
29750 2645.9
29760 2741.3
29770 2569.9
29780 2721.9
29790 2629.7
29800 2629.4
29810 2723.8
29820 2648.5
29830 2652.1
29840 2648.1
29850 2646.2
29860 2670.9
29870 2651.7
29880 2648.8
29890 2621.3
29900 2846.7
29910 2644.5
29920 2644
29930 2646.8
29940 2644.6
29950 2642.7
29960 2644.8
29970 2651.1
29980 2758.2
29990 2727.3
