500 459.7
510 424.9
520 448.3
530 446.2
540 448.3
550 453
560 453.5
570 504.1
580 418.4
590 498.9
600 474.2
610 483
620 474.7
630 433.5
640 480.2
650 428.2
660 495.9
670 477.5
680 459.5
690 448.3
700 440
710 453.2
720 442.4
730 443.7
740 438.7
750 437.5
760 459.6
770 453.9
780 449.9
790 414.7
800 420.6
810 422.3
820 497.8
830 515.2
840 489.7
850 480.8
860 487.1
870 473.2
880 486.3
890 504.7
900 519.3
910 519
920 506.2
930 536.9
940 523.7
950 493.4
960 454.4
970 445.4
980 478.2
990 425.7
1000 425.3
1010 509.8
1020 537.1
1030 519.3
1040 560.6
1050 506.6
1060 524.7
1070 528
1080 536.8
1090 523.5
1100 535.8
1110 525.9
1120 532.6
1130 520.9
1140 501.6
1150 535.3
1160 533.2
1170 526.5
1180 539.7
1190 516.8
1200 526.6
1210 523.6
1220 523
1230 548.1
1240 533.9
1250 532.6
1260 550.9
1270 522.4
1280 572.5
1290 444
1300 444.6
1310 446.2
1320 448.9
1330 444.3
1340 444.3
1350 443.7
1360 444.2
1370 447.7
1380 443.6
1390 443.4
1400 447.1
1410 442.9
1420 442.7
1430 442.8
1440 442.6
1450 445.9
1460 446.5
1470 446.1
1480 443
1490 442.1
1500 475.2
1510 471.4
1520 471.4
1530 470.8
1540 471.1
1550 478.2
1560 473.2
1570 471.8
1580 471.5
1590 473.4
1600 471.9
1610 473.5
1620 476.1
1630 471.9
1640 471.8
1650 476.5
1660 476.1
1670 473.1
1680 473
1690 472.5
1700 473.6
1710 473.5
1720 473.7
1730 473.8
1740 474.2
1750 475.7
1760 480.7
1770 478.2
1780 509.1
1790 606.1
1800 566.7
1810 590
1820 592.6
1830 569.7
1840 507.6
1850 477.2
1860 480.5
1870 476.7
1880 476.2
1890 481.1
1900 476.4
1910 480.3
1920 476
1930 477.2
1940 476
1950 480.2
1960 480.4
1970 482.2
1980 476.8
1990 482
2000 479.8
2010 480.4
2020 486.2
2030 480
2040 480.3
2050 479.9
2060 495.7
2070 500.5
2080 499.5
2090 500
2100 488
2110 479.3
2120 480
2130 480.5
2140 481
2150 487.3
2160 482
2170 486.4
2180 481.2
2190 480.7
2200 486.7
2210 481.4
2220 482
2230 481.5
2240 486.3
2250 481.8
2260 486.1
2270 481.1
2280 482.4
2290 482.1
2300 483
2310 483.7
2320 486.5
2330 483.3
2340 484.1
2350 486.9
2360 483.4
2370 484.1
2380 483.4
2390 483.2
2400 482.9
2410 482.9
2420 484
2430 484.8
2440 483.3
2450 487.6
2460 484.1
2470 483.1
2480 483.8
2490 484.3
2500 469.7
2510 469.5
2520 468.8
2530 468.6
2540 468.8
2550 469.4
2560 469.1
2570 468.8
2580 468.4
2590 472.6
2600 471.3
2610 469.7
2620 469.3
2630 469.5
2640 469.1
2650 469
2660 468.8
2670 469.2
2680 468.8
2690 469.3
2700 468.5
2710 469
2720 469.3
2730 469.2
2740 469.3
2750 468.8
2760 469.5
2770 468.3
2780 469.4
2790 469.1
2800 468.5
2810 469
2820 468.7
2830 471.9
2840 473.2
2850 483.9
2860 490.3
2870 513.3
2880 485.4
2890 486
2900 493.8
2910 477.9
2920 493.2
2930 474.5
2940 473.5
2950 472.4
2960 477.9
2970 472.5
2980 473.3
2990 475.2
3000 478.1
3010 479.4
3020 480
3030 478.2
3040 477.5
3050 477.6
3060 477.4
3070 477
3080 477.4
3090 477
3100 476.9
3110 476.4
3120 476.3
3130 477.2
3140 477.3
3150 476.8
3160 476.9
3170 476.5
3180 476.4
3190 476.9
3200 476.5
3210 477.1
3220 477.4
3230 476.7
3240 477.1
3250 476.5
3260 476.5
3270 477
3280 476.8
3290 476.4
3300 477
3310 477.1
3320 476.7
3330 476.7
3340 475.8
3350 476.9
3360 477.2
3370 476.8
3380 476.4
3390 476.3
3400 477.3
3410 476.6
3420 477.2
3430 476.7
3440 481.1
3450 477.5
3460 477.8
3470 476.9
3480 476.8
3490 477.4
3500 478.2
3510 477.3
3520 477.5
3530 478.3
3540 478.1
3550 478.8
3560 477.6
3570 477.6
3580 478.1
3590 477.4
3600 477.4
3610 477.2
3620 477.8
3630 477.9
3640 478
3650 477.5
3660 477.5
3670 477.1
3680 477.4
3690 477.1
3700 477
3710 477.6
3720 477.4
3730 477.2
3740 477.3
3750 478
3760 477.3
3770 477.7
3780 477
3790 477.1
3800 477.9
3810 477.6
3820 477.3
3830 477.6
3840 477.8
3850 477.4
3860 479.9
3870 481.8
3880 478.4
3890 478.4
3900 477.5
3910 478.5
3920 477.5
3930 477.5
3940 477.1
3950 477.2
3960 476.8
3970 477.2
3980 477.6
3990 477.3
4000 480.2
4010 480.6
4020 480.3
4030 480
4040 479.9
4050 479.3
4060 480.1
4070 480.1
4080 479.8
4090 479.5
4100 480.2
4110 479.6
4120 479.1
4130 479.6
4140 479.6
4150 479
4160 479.4
4170 479.5
4180 479.5
4190 479.9
4200 480.5
4210 485.8
4220 481.7
4230 480
4240 480.1
4250 480.1
4260 479.5
4270 479.7
4280 479.9
4290 484.6
4300 481.2
4310 481.1
4320 481.3
4330 480.4
4340 479.4
4350 479.9
4360 480.3
4370 479
4380 479.6
4390 480.3
4400 479
4410 479.8
4420 480.1
4430 480
4440 480.3
4450 480
4460 478.9
4470 479.9
4480 479.3
4490 480.2
4500 502.6
4510 501.5
4520 501.7
4530 504.2
4540 502.1
4550 500.8
4560 504.4
4570 501
4580 501.2
4590 501.3
4600 500.3
4610 500.4
4620 500.8
4630 501.4
4640 500.7
4650 502.4
4660 501
4670 501.4
4680 500.6
4690 500.2
4700 506.9
4710 503
4720 500.8
4730 501.7
4740 502.4
4750 500.3
4760 500.7
4770 501.2
4780 501.8
4790 500.8
4800 501.9
4810 501.3
4820 501.1
4830 501.7
4840 500.5
4850 500.4
4860 501.5
4870 504.6
4880 503
4890 501.5
4900 503.2
4910 501.5
4920 501.1
4930 501.1
4940 502
4950 500.5
4960 502
4970 501.7
4980 501.5
4990 500.5
5000 504.3
5010 503.4
5020 503.8
5030 503.4
5040 503.7
5050 503.1
5060 504.8
5070 503.9
5080 503.8
5090 503.6
5100 504.4
5110 509.6
5120 504.1
5130 504.4
5140 505.4
5150 503.5
5160 504.6
5170 504.5
5180 504
5190 504.4
5200 503.1
5210 503.5
5220 503.9
5230 503.4
5240 507.2
5250 503.7
5260 503.4
5270 503.7
5280 503.6
5290 504.3
5300 503.3
5310 504.4
5320 503.5
5330 503.4
5340 504.5
5350 504.5
5360 503.6
5370 503.6
5380 505.4
5390 504.1
5400 504.1
5410 504.6
5420 503.4
5430 502.3
5440 503.4
5450 503.7
5460 504.1
5470 503.7
5480 503.8
5490 505.1
5500 505.6
5510 511.6
5520 506.6
5530 506.6
5540 506.6
5550 506.7
5560 506.4
5570 506
5580 507.2
5590 505.3
5600 506.6
5610 506.4
5620 505.7
5630 505.7
5640 506.3
5650 506
5660 505.4
5670 505.1
5680 506.1
5690 505.3
5700 506
5710 505.7
5720 505.8
5730 505.2
5740 505.4
5750 505.3
5760 505.9
5770 505.9
5780 506.7
5790 505.6
5800 505.7
5810 507.1
5820 506.2
5830 506.4
5840 505.4
5850 506.3
5860 505.6
5870 505.6
5880 506.2
5890 508.9
5900 506.3
5910 511.4
5920 505.7
5930 508.4
5940 505.1
5950 505.7
5960 505.6
5970 505.3
5980 505.8
5990 506.9
6000 508.4
6010 508.3
6020 508.2
6030 508
6040 508.5
6050 507.6
6060 507.8
6070 508.6
6080 508.7
6090 508.6
6100 508.2
6110 508.4
6120 507.9
6130 508.6
6140 509.3
6150 512.1
6160 512.3
6170 512
6180 512.5
6190 510.9
6200 512.6
6210 512.3
6220 513.1
6230 511.8
6240 511.6
6250 512
6260 512.3
6270 512.7
6280 513.8
6290 511.9
6300 513
6310 515.7
6320 513.6
6330 513.6
6340 513.2
6350 512.6
6360 513.2
6370 511.6
6380 512.7
6390 512.9
6400 512
6410 512.1
6420 512.6
6430 511.8
6440 511.7
6450 511.8
6460 512.3
6470 512.7
6480 512.2
6490 512.6
6500 514.9
6510 515.1
6520 510.5
6530 513.6
6540 512.8
6550 512.2
6560 512
6570 513
6580 511.6
6590 510.7
6600 510.6
6610 512
6620 509.9
6630 511.3
6640 510.8
6650 511
6660 510.5
6670 511.5
6680 511.8
6690 510.7
6700 512.1
6710 517.7
6720 511.9
6730 510.9
6740 512.6
6750 511
6760 510.4
6770 510.6
6780 511.4
6790 510.7
6800 514.6
6810 510.3
6820 511.4
6830 511.6
6840 510.2
6850 510.4
6860 511.8
6870 510.8
6880 510.6
6890 511.2
6900 510.6
6910 510.1
6920 511.4
6930 510.5
6940 510.7
6950 510.7
6960 511.7
6970 511
6980 511
6990 510
7000 513.3
7010 512.4
7020 512.8
7030 513.3
7040 512.9
7050 512.5
7060 513.4
7070 513.9
7080 512.8
7090 513
7100 517.6
7110 514.1
7120 514.3
7130 513.7
7140 513.6
7150 514.3
7160 517
7170 516.8
7180 517.2
7190 516.1
7200 516.6
7210 519.2
7220 516.8
7230 515.9
7240 516.8
7250 516.5
7260 517.4
7270 516.2
7280 516.3
7290 516.9
7300 517.2
7310 516.9
7320 516.7
7330 522.7
7340 517.1
7350 516.8
7360 515.8
7370 517.5
7380 517.5
7390 516.8
7400 517
7410 517.2
7420 517.2
7430 516.2
7440 516.8
7450 513
7460 512.7
7470 512.4
7480 511.6
7490 515.9
7500 516.9
7510 515.4
7520 515.2
7530 515.7
7540 515.2
7550 515.9
7560 515.4
7570 514.7
7580 514.9
7590 514.7
7600 514.8
7610 515.4
7620 514.8
7630 513.5
7640 515
7650 514.4
7660 515.9
7670 518.4
7680 515.6
7690 514.9
7700 514.9
7710 516
7720 514.6
7730 516.8
7740 514.6
7750 515.3
7760 516.5
7770 515.2
7780 515.4
7790 516.7
7800 514.4
7810 514.7
7820 515.2
7830 514.5
7840 515.6
7850 516.4
7860 515.2
7870 515
7880 515.7
7890 519.3
7900 515.3
7910 515.9
7920 515
7930 515.9
7940 515
7950 515.2
7960 515.4
7970 515.3
7980 515.8
7990 514.6
8000 518.7
8010 517.8
8020 517
8030 516.9
8040 520
8050 518.1
8060 517.1
8070 516.6
8080 517.1
8090 516.2
8100 520.7
8110 517.7
8120 517
8130 517.4
8140 517.7
8150 517
8160 516.8
8170 517.3
8180 519.2
8190 518
8200 516.7
8210 517.2
8220 516.8
8230 516.9
8240 517.9
8250 517.8
8260 517.3
8270 516.7
8280 521.7
8290 517.8
8300 522.7
8310 519.2
8320 520.3
8330 517.5
8340 517.5
8350 518.8
8360 517.1
8370 521.6
8380 517.7
8390 517.4
8400 520.5
8410 518
8420 517.7
8430 517.9
8440 517.5
8450 516.6
8460 517.1
8470 517.1
8480 517.5
8490 518.5
8500 532.2
8510 529.7
8520 530.5
8530 529.5
8540 530.1
8550 529
8560 529.9
8570 530.1
8580 529.5
8590 529.6
8600 530.2
8610 529.4
8620 529.8
8630 529.5
8640 530.3
8650 529.5
8660 529.8
8670 534.3
8680 530.7
8690 529.2
8700 529.8
8710 529.9
8720 529.8
8730 529.5
8740 530.8
8750 529.4
8760 530.3
8770 529.7
8780 529.3
8790 531.2
8800 530.3
8810 529.4
8820 530.3
8830 529.2
8840 529.7
8850 529.8
8860 529.6
8870 529.4
8880 530.1
8890 529.8
8900 529.9
8910 529.2
8920 530.3
8930 529.6
8940 530.5
8950 530.7
8960 530.5
8970 529.6
8980 529.5
8990 529.5
9000 532.1
9010 531.6
9020 531.3
9030 530.7
9040 531.8
9050 535.3
9060 533.6
9070 531.7
9080 531.4
9090 531.5
9100 530.8
9110 531.3
9120 532.1
9130 531.4
9140 531.3
9150 531.2
9160 531.7
9170 531.4
9180 531.7
9190 531.3
9200 531.7
9210 532.2
9220 531.6
9230 531.8
9240 532.4
9250 530.8
9260 531.5
9270 530.6
9280 531.1
9290 531.7
9300 531.3
9310 531.5
9320 532
9330 531.9
9340 533.3
9350 532.4
9360 532.7
9370 532.6
9380 532.6
9390 531
9400 532.3
9410 531.7
9420 532.4
9430 531.2
9440 536.8
9450 535.7
9460 532.4
9470 531.8
9480 531.8
9490 530.7
9500 534
9510 532.9
9520 533.7
9530 533.7
9540 533.3
9550 532.6
9560 533.6
9570 533.2
9580 533.2
9590 533.3
9600 533.6
9610 534.1
9620 533.2
9630 533.5
9640 534.2
9650 533
9660 533
9670 533.6
9680 533.9
9690 534.1
9700 534.2
9710 534.4
9720 533.9
9730 534.3
9740 533.1
9750 533.2
9760 533.3
9770 533.3
9780 532.8
9790 533.2
9800 533.7
9810 535.3
9820 536.9
9830 534.6
9840 534.1
9850 534.5
9860 533.4
9870 533
9880 534.3
9890 533.5
9900 537.3
9910 535.6
9920 534.5
9930 533.6
9940 533.4
9950 534.2
9960 535.1
9970 532.9
9980 533.4
9990 533
10000 537.5
10010 536.1
10020 535.9
10030 535.5
10040 536.4
10050 535.7
10060 535.4
10070 535.9
10080 536.1
10090 536
10100 535.7
10110 535.6
10120 536.9
10130 535.8
10140 538.3
10150 536.3
10160 537.6
10170 537.4
10180 535.7
10190 535.4
10200 541.1
10210 535.8
10220 535.4
10230 536.1
10240 536.5
10250 536.2
10260 536.1
10270 535.6
10280 536.6
10290 536
10300 535.9
10310 535.6
10320 536.3
10330 536.1
10340 536
10350 535.5
10360 536.8
10370 535.5
10380 535.8
10390 535.9
10400 535.6
10410 535.4
10420 536.3
10430 535.5
10440 536.3
10450 535.7
10460 536.4
10470 536.1
10480 535.8
10490 538.7
10500 539.4
10510 538.6
10520 539
10530 538.8
10540 540.1
10550 538.2
10560 538.9
10570 539.1
10580 540.5
10590 540.1
10600 539.6
10610 539.2
10620 539.3
10630 538.4
10640 539.2
10650 538.7
10660 538.4
10670 538.5
10680 538.4
10690 538
10700 538.5
10710 538.7
10720 539.9
10730 538.6
10740 538.5
10750 538.3
10760 538.9
10770 538.2
10780 538.6
10790 538.5
10800 539.5
10810 538.2
10820 538.6
10830 538.2
10840 538.8
10850 539.1
10860 538.5
10870 538.1
10880 539
10890 538.1
10900 537.7
10910 538.5
10920 538.8
10930 538.4
10940 537.7
10950 541.5
10960 540.3
10970 540.2
10980 540.6
10990 538.5
11000 541.9
11010 541.9
11020 541.2
11030 541.3
11040 541.8
11050 541.2
11060 541.4
11070 540.9
11080 541
11090 541.6
11100 543.4
11110 541.8
11120 541.4
11130 540.6
11140 541.2
11150 540.5
11160 541.4
11170 540.8
11180 541.2
11190 540.6
11200 541.3
11210 541.4
11220 542.5
11230 541
11240 541.8
11250 540.7
11260 541.3
11270 541
11280 542
11290 541.5
11300 542.2
11310 541
11320 541.5
11330 543.4
11340 543.1
11350 541.8
11360 541.8
11370 542.5
11380 541.2
11390 541.5
11400 540.6
11410 540.7
11420 540.9
11430 540.7
11440 541.7
11450 542.5
11460 541
11470 540.7
11480 541.5
11490 541.6
11500 543.8
11510 544.9
11520 544.2
11530 543.6
11540 544.1
11550 543.1
11560 543.9
11570 544.1
11580 543.8
11590 543.5
11600 544
11610 543.5
11620 544.2
11630 543.2
11640 543.8
11650 544
11660 544.1
11670 544.1
11680 543.9
11690 543.9
11700 548.2
11710 544.7
11720 546
11730 544.5
11740 544.9
11750 544.5
11760 544.3
11770 544.2
11780 543.8
11790 545.7
11800 545.1
11810 543.4
11820 544.1
11830 542.9
11840 543.8
11850 543.3
11860 543.9
11870 543.4
11880 544
11890 543.5
11900 543.8
11910 543.5
11920 544.3
11930 543.3
11940 543.5
11950 543.3
11960 543.9
11970 547.3
11980 544.7
11990 544.3
12000 548.5
12010 549.7
12020 548.2
12030 546.3
12040 546.9
12050 546.1
12060 550.8
12070 550.6
12080 548
12090 548.4
12100 546.7
12110 546.9
12120 546.9
12130 546.7
12140 546.4
12150 546
12160 546.6
12170 546.5
12180 545.7
12190 546.7
12200 546.9
12210 546.3
12220 546.3
12230 546.1
12240 546.7
12250 546.3
12260 546.3
12270 547.3
12280 546.2
12290 547.9
12300 546.6
12310 546.5
12320 546.5
12330 546.3
12340 546.8
12350 545.6
12360 546.9
12370 545.5
12380 546.7
12390 546.6
12400 546.4
12410 546.4
12420 547
12430 545.5
12440 547
12450 550.9
12460 548.1
12470 547.6
12480 547.3
12490 546.6
12500 548.9
12510 550.4
12520 550.3
12530 549
12540 548.7
12550 548.5
12560 549.1
12570 548.9
12580 549.3
12590 548.6
12600 548.8
12610 549.2
12620 549
12630 548.8
12640 548.8
12650 548.8
12660 549.3
12670 548.7
12680 549.2
12690 548.5
12700 548.4
12710 548.4
12720 548.5
12730 549.2
12740 548.5
12750 548.8
12760 549.2
12770 548.7
12780 549
12790 549
12800 549.6
12810 550.7
12820 553
12830 550.1
12840 549.6
12850 550.3
12860 548.6
12870 548.6
12880 549
12890 548.7
12900 549.3
12910 548.8
12920 549.1
12930 548.5
12940 548.7
12950 549.2
12960 548.8
12970 548.9
12980 548.6
12990 548.1
13000 552.5
13010 551.5
13020 551.9
13030 551.5
13040 551.9
13050 551.3
13060 551.6
13070 551.9
13080 551.8
13090 552.1
13100 552
13110 551.4
13120 552.6
13130 552.1
13140 552.6
13150 552.1
13160 552.6
13170 552.1
13180 554.4
13190 553.5
13200 553.4
13210 553.3
13220 551.7
13230 552.1
13240 551.8
13250 551.9
13260 553.5
13270 551.4
13280 552.6
13290 552
13300 551.6
13310 552
13320 551.9
13330 552
13340 551.5
13350 551.6
13360 551.9
13370 551.7
13380 552.1
13390 551.1
13400 552.3
13410 552.3
13420 551.9
13430 551.6
13440 552.5
13450 551.8
13460 551.6
13470 551.9
13480 553.6
13490 551.5
13500 554.8
13510 553.9
13520 554.2
13530 554.3
13540 554.4
13550 556.8
13560 556.5
13570 555.9
13580 554.6
13590 555.2
13600 553.9
13610 554.1
13620 553.9
13630 553.8
13640 554.6
13650 554
13660 555.2
13670 553.3
13680 554.9
13690 553.6
13700 554.3
13710 554.7
13720 554.2
13730 554.2
13740 554.4
13750 553.5
13760 554.1
13770 554
13780 555.6
13790 553.9
13800 554.7
13810 553.7
13820 554
13830 553.7
13840 554.6
13850 554.4
13860 554.9
13870 553.8
13880 555.9
13890 553.8
13900 554.3
13910 553.5
13920 561.4
13930 555.5
13940 555.5
13950 554.7
13960 554.8
13970 553.8
13980 553.8
13990 554.2
14000 557.4
14010 557.1
14020 555.9
14030 556.5
14040 556.6
14050 560.7
14060 557.2
14070 557.4
14080 557.1
14090 556.6
14100 558.6
14110 556.6
14120 556.7
14130 556.8
14140 556.7
14150 556.8
14160 556.7
14170 556.9
14180 557.3
14190 556.1
14200 557.5
14210 556.7
14220 557.1
14230 557.5
14240 557.9
14250 556.7
14260 556.8
14270 556.7
14280 561.6
14290 558.3
14300 558
14310 557.9
14320 557.1
14330 557.3
14340 556.6
14350 557.3
14360 558.7
14370 556.4
14380 557.3
14390 556.2
14400 557.1
14410 555.9
14420 556.7
14430 557
14440 556.8
14450 556.8
14460 556.2
14470 556.5
14480 556.8
14490 556.1
14500 560.1
14510 559.2
14520 560.4
14530 559.9
14540 559.7
14550 558.8
14560 559.3
14570 561.8
14580 559.5
14590 559.4
14600 559.6
14610 559.5
14620 560
14630 559.5
14640 559.1
14650 564.5
14660 560.7
14670 559.4
14680 559.9
14690 559.3
14700 558.9
14710 558.6
14720 559.2
14730 558.8
14740 558.7
14750 560
14760 559.2
14770 559.6
14780 558.7
14790 559.5
14800 559.6
14810 559
14820 558.9
14830 560.5
14840 559.6
14850 559.4
14860 559.9
14870 558.8
14880 560.4
14890 559.4
14900 558.7
14910 559.4
14920 559.5
14930 558.8
14940 558.7
14950 559.7
14960 559.2
14970 559.5
14980 559.1
14990 559
15000 564.9
15010 566.5
15020 564.4
15030 563.6
15040 564.2
15050 562.6
15060 563.1
15070 562.1
15080 563.5
15090 562.4
15100 562.6
15110 562.3
15120 562.8
15130 562.4
15140 561.6
15150 561.9
15160 562.3
15170 561.7
15180 562.1
15190 561.6
15200 562.6
15210 562.5
15220 562.9
15230 562.4
15240 563.1
15250 562.5
15260 562.4
15270 562.8
15280 562.7
15290 563
15300 562.2
15310 562.4
15320 562.7
15330 564.8
15340 562.4
15350 563.2
15360 562.6
15370 567.9
15380 564.3
15390 563.5
15400 563.8
15410 562.6
15420 563
15430 562.2
15440 562.9
15450 562.5
15460 562.2
15470 562.7
15480 562.6
15490 562.2
15500 567.2
15510 570.8
15520 567.5
15530 568.7
15540 567.4
15550 566.3
15560 567.3
15570 566.8
15580 566.2
15590 566.7
15600 567.3
15610 566.4
15620 569.9
15630 566.6
15640 567.2
15650 566.3
15660 567.2
15670 569.2
15680 567
15690 567
15700 566.3
15710 566.3
15720 567.2
15730 572.7
15740 568.2
15750 568.3
15760 568.3
15770 567.3
15780 567.2
15790 567.8
15800 566.9
15810 567.7
15820 567.1
15830 566.5
15840 566.8
15850 566.5
15860 566.6
15870 566.7
15880 566.9
15890 566.4
15900 566.8
15910 566.1
15920 566.8
15930 566.3
15940 568.6
15950 566.7
15960 566.6
15970 566.8
15980 567
15990 567
16000 568.4
16010 567.7
16020 567.3
16030 567.4
16040 568.2
16050 567.6
16060 567.2
16070 567.8
16080 568.9
16090 570.6
16100 569.3
16110 567.3
16120 569.2
16130 567.6
16140 567.7
16150 567.3
16160 567.5
16170 567.7
16180 567.6
16190 566.9
16200 567.9
16210 567.9
16220 567.7
16230 567.8
16240 567.8
16250 569.4
16260 567.3
16270 567.8
16280 567.9
16290 568
16300 567.8
16310 567.6
16320 567.9
16330 567.4
16340 567.1
16350 567
16360 567.5
16370 567.2
16380 567.5
16390 566.7
16400 567.5
16410 566.9
16420 568.8
16430 568.4
16440 571.7
16450 567.7
16460 569.3
16470 567.8
16480 568.5
16490 567.1
16500 588.7
16510 586.7
16520 586.2
16530 586
16540 586.3
16550 586
16560 585.9
16570 586.3
16580 586.4
16590 585.5
16600 586.8
16610 585.7
16620 586.3
16630 585.7
16640 587.1
16650 586
16660 586.6
16670 585.6
16680 586.2
16690 585.6
16700 586.9
16710 585.5
16720 586.7
16730 586.1
16740 586.9
16750 585.8
16760 586.1
16770 585.8
16780 586.5
16790 589.8
16800 588
16810 586.5
16820 588.2
16830 585.6
16840 588.3
16850 585.5
16860 587
16870 585.6
16880 586.4
16890 585.7
16900 586.2
16910 585
16920 586.6
16930 586.1
16940 586.5
16950 585.5
16960 586.8
16970 586.2
16980 586.2
16990 586.1
17000 589.1
17010 587
17020 588
17030 587.2
17040 587.7
17050 586.8
17060 588.4
17070 587.4
17080 587.2
17090 587.1
17100 587.1
17110 587.7
17120 587.5
17130 588.7
17140 590.9
17150 588.4
17160 587.7
17170 587.9
17180 587.2
17190 587.4
17200 587.2
17210 588.2
17220 587.4
17230 587.4
17240 588.3
17250 590
17260 587.6
17270 588
17280 587.7
17290 587.8
17300 587.2
17310 587.8
17320 587.6
17330 587.1
17340 587.3
17350 587.3
17360 587.8
17370 587.7
17380 587.2
17390 587.4
17400 587.2
17410 587.2
17420 587.1
17430 587.9
17440 587.8
17450 587.7
17460 587.1
17470 587
17480 591.3
17490 588.4
17500 594
17510 592.5
17520 593.3
17530 593
17540 593.2
17550 591.5
17560 592.4
17570 591.6
17580 592.1
17590 591.6
17600 592.5
17610 591.1
17620 592.4
17630 591.7
17640 593.3
17650 591.5
17660 592.7
17670 591.3
17680 592.3
17690 591.9
17700 591.5
17710 592.3
17720 592.3
17730 592
17740 592
17750 591.9
17760 591.9
17770 592
17780 592.1
17790 591.9
17800 592
17810 592.5
17820 596
17830 593.3
17840 592.8
17850 593.8
17860 592.5
17870 591.9
17880 592.3
17890 592.2
17900 592.6
17910 591.9
17920 592.6
17930 591.6
17940 592.7
17950 592.1
17960 593.2
17970 592
17980 592.5
17990 592
18000 596.2
18010 594
18020 595.3
18030 594.3
18040 595
18050 594.3
18060 594.8
18070 593.9
18080 594.7
18090 594.3
18100 595.3
18110 595
18120 594.3
18130 594.6
18140 594.4
18150 594.3
18160 594.3
18170 596.2
18180 595.8
18190 595.4
18200 595.1
18210 594.5
18220 594.4
18230 594.6
18240 598.3
18250 594.4
18260 594.7
18270 594.6
18280 595.5
18290 594.6
18300 595.2
18310 593.9
18320 595.5
18330 594.4
18340 595
18350 594.1
18360 595.2
18370 594
18380 596.9
18390 593.9
18400 594.7
18410 594.4
18420 594.3
18430 594.4
18440 594.7
18450 594.4
18460 594.6
18470 594.1
18480 594.7
18490 594.9
18500 597.1
18510 603.2
18520 597.7
18530 597.5
18540 597.9
18550 597.4
18560 598.1
18570 596.7
18580 597.6
18590 597.4
18600 597.5
18610 597.2
18620 597.4
18630 595.6
18640 599.1
18650 596
18660 596.3
18670 596.1
18680 596.8
18690 596.8
18700 597.2
18710 597
18720 597.1
18730 596.1
18740 596.6
18750 596.8
18760 597.2
18770 598.1
18780 598.1
18790 597.4
18800 599
18810 598.6
18820 600
18830 597.9
18840 598.8
18850 601.7
18860 597.5
18870 596.6
18880 598.3
18890 596.5
18900 597.5
18910 595.9
18920 596.5
18930 596.1
18940 597
18950 595.6
18960 596.4
18970 597.3
18980 606.4
18990 598.1
19000 601.4
19010 600
19020 599.5
19030 599.6
19040 600.1
19050 599.4
19060 599.7
19070 599.2
19080 599.9
19090 599.3
19100 600.2
19110 599
19120 599.3
19130 598.7
19140 599.7
19150 599.1
19160 599.8
19170 598.7
19180 603.3
19190 602.2
19200 599.9
19210 605.3
19220 599.5
19230 601.6
19240 599.8
19250 600.4
19260 600.1
19270 599.3
19280 600.2
19290 599.5
19300 600
19310 599.2
19320 600
19330 599.3
19340 600.1
19350 599.3
19360 599.8
19370 599.4
19380 599.3
19390 599.3
19400 599.7
19410 599.4
19420 599.8
19430 599
19440 599.3
19450 600.1
19460 599.3
19470 600.8
19480 600.8
19490 599.1
19500 603.5
19510 602.9
19520 608.9
19530 603.9
19540 605.3
19550 603.6
19560 604.3
19570 603
19580 603.9
19590 602.7
19600 603.2
19610 603.4
19620 603.1
19630 603.1
19640 603.2
19650 603.1
19660 603.2
19670 602.9
19680 603.8
19690 602.7
19700 603.7
19710 602.8
19720 603.8
19730 603.2
19740 603.4
19750 603.4
19760 603.4
19770 603.1
19780 603.5
19790 603.5
19800 603.7
19810 603.2
19820 603.2
19830 603.7
19840 603.2
19850 603.6
19860 608.1
19870 603.9
19880 605.2
19890 603.9
19900 603.4
19910 603.1
19920 603.1
19930 603.6
19940 603.9
19950 603.3
19960 603.1
19970 603.3
19980 603.3
19990 603.4
20000 606.4
20010 605.8
20020 605.6
20030 606
20040 606.8
20050 604.8
20060 605.9
20070 605.2
20080 606
20090 605.1
20100 605.7
20110 604.7
20120 606.5
20130 605.7
20140 605.1
20150 604.7
20160 604.8
20170 605.2
20180 607.5
20190 609.6
20200 607.4
20210 605.8
20220 607.4
20230 604.7
20240 606
20250 604.9
20260 605.6
20270 604.4
20280 606.1
20290 605.6
20300 605.4
20310 605.2
20320 605.6
20330 606.2
20340 605.2
20350 605.8
20360 605.6
20370 605.4
20380 605.6
20390 604.8
20400 605.6
20410 604.4
20420 605.6
20430 604.7
20440 605.9
20450 604.3
20460 605
20470 604.9
20480 605.4
20490 607
20500 609.3
20510 608
20520 608.7
20530 614.5
20540 610
20550 608.9
20560 609.7
20570 608.2
20580 608.6
20590 608.2
20600 609.1
20610 608.5
20620 608.2
20630 608
20640 608.6
20650 608
20660 608
20670 607.7
20680 608.5
20690 607.2
20700 609.3
20710 608.1
20720 609.2
20730 607.8
20740 608.3
20750 607.6
20760 608.1
20770 608
20780 608.4
20790 607.6
20800 608.4
20810 609
20820 608.4
20830 608.2
20840 609
20850 608.1
20860 613.5
20870 608.1
20880 609
20890 607.8
20900 608.8
20910 607.9
20920 609
20930 608.1
20940 608.1
20950 608.2
20960 608.2
20970 608.4
20980 607.7
20990 607.9
21000 611.3
21010 610.6
21020 610.7
21030 611.5
21040 611.4
21050 610.3
21060 610.8
21070 611.4
21080 611.2
21090 611.1
21100 610.5
21110 610.8
21120 611.2
21130 610.7
21140 610.6
21150 609.9
21160 611
21170 610.8
21180 612.8
21190 610.7
21200 615.2
21210 612.4
21220 611.1
21230 611.1
21240 610.3
21250 610.4
21260 610.6
21270 611
21280 611.4
21290 610
21300 610.7
21310 610.2
21320 611.1
21330 610.3
21340 610.7
21350 610.5
21360 610.6
21370 613.3
21380 610.3
21390 610.1
21400 611.3
21410 610.3
21420 611.1
21430 610
21440 611.3
21450 609.7
21460 610.8
21470 610
21480 610.6
21490 610
21500 613.8
21510 613.1
21520 614.1
21530 619.2
21540 615.2
21550 613.6
21560 615
21570 613.4
21580 613.8
21590 613.9
21600 613.6
21610 613.1
21620 615
21630 613.7
21640 613.7
21650 613.8
21660 613.8
21670 613.4
21680 613.9
21690 613.7
21700 613.8
21710 613.3
21720 614.3
21730 615.1
21740 613
21750 613.5
21760 613.1
21770 614.1
21780 613.4
21790 613.1
21800 613.9
21810 612.8
21820 613.9
21830 613.4
21840 613.5
21850 613.6
21860 617
21870 616.1
21880 614
21890 614.5
21900 613.6
21910 612.7
21920 614.7
21930 613
21940 613.9
21950 613
21960 614.3
21970 612.9
21980 613.6
21990 613
22000 615.8
22010 615.8
22020 616.1
22030 618.4
22040 617.8
22050 615.9
22060 617.9
22070 615.4
22080 616.6
22090 615.7
22100 615.7
22110 615.5
22120 615.8
22130 615
22140 616.1
22150 615
22160 616.1
22170 614.7
22180 617.8
22190 619.2
22200 616.6
22210 617
22220 615.6
22230 616.2
22240 615.3
22250 615.2
22260 615.9
22270 615.4
22280 616.2
22290 615.6
22300 616.6
22310 615.3
22320 615.6
22330 616
22340 615.4
22350 615.8
22360 617.1
22370 615.9
22380 615.8
22390 615.6
22400 616.5
22410 616.1
22420 616.3
22430 616.6
22440 616.6
22450 615.8
22460 615.6
22470 615.4
22480 615.3
22490 615.3
22500 620.4
22510 620.8
22520 622.1
22530 622
22540 619.7
22550 620
22560 618.9
22570 619.7
22580 619.7
22590 619
22600 620
22610 618.6
22620 619.7
22630 619.1
22640 619.3
22650 619.4
22660 619.4
22670 619.1
22680 619.9
22690 618.7
22700 619.3
22710 618.3
22720 619.8
22730 618.4
22740 619.1
22750 618.7
22760 619.2
22770 618.9
22780 620.1
22790 618.7
22800 619.5
22810 618.4
22820 619.7
22830 618.7
22840 623
22850 620.3
22860 619.5
22870 620
22880 619
22890 619.2
22900 619.3
22910 618.3
22920 619.4
22930 618.8
22940 619.8
22950 618.9
22960 618.7
22970 619.2
22980 618.8
22990 618.5
23000 621.2
23010 620.6
23020 621.3
23030 620.4
23040 622
23050 621.1
23060 621.1
23070 621.4
23080 621.1
23090 621.5
23100 621.8
23110 621.7
23120 621.9
23130 620.6
23140 621.9
23150 621.2
23160 621.2
23170 627
23180 621.2
23190 621.4
23200 621.7
23210 620.4
23220 622.5
23230 620.4
23240 621.2
23250 620.7
23260 620.9
23270 620.7
23280 621.4
23290 621.5
23300 621.8
23310 620.2
23320 622
23330 620.9
23340 621.5
23350 620.9
23360 621.6
23370 621.6
23380 621.1
23390 621.4
23400 621.8
23410 620.6
23420 621.7
23430 620.9
23440 622.6
23450 621.7
23460 621.4
23470 620.7
23480 621.5
23490 620.9
23500 628.9
23510 624.4
23520 625.1
23530 623.8
23540 624.8
23550 624.4
23560 624.5
23570 624.6
23580 624.5
23590 623.7
23600 624.9
23610 624.1
23620 624.8
23630 624.7
23640 624.9
23650 624.3
23660 624
23670 624.6
23680 625.3
23690 623.8
23700 624
23710 624
23720 624.6
23730 624.2
23740 624
23750 624.2
23760 623.8
23770 624.2
23780 624.5
23790 623.7
23800 625
23810 623
23820 630.4
23830 624.4
23840 624.3
23850 624.6
23860 624.8
23870 626.2
23880 625.1
23890 625.4
23900 624.7
23910 624.2
23920 625
23930 624.6
23940 623.9
23950 624
23960 624.3
23970 624.2
23980 624.2
23990 623.5
24000 626.7
24010 626.1
24020 626.4
24030 627
24040 627.4
24050 626.3
24060 626.9
24070 626.6
24080 627.5
24090 627.4
24100 626.5
24110 627.2
24120 626.6
24130 626
24140 629.4
24150 629.5
24160 628.1
24170 628.2
24180 626.7
24190 627
24200 626.7
24210 626.9
24220 627.3
24230 626.2
24240 627.1
24250 625.4
24260 626
24270 626.4
24280 627
24290 626.8
24300 626.9
24310 629.4
24320 626.8
24330 626.5
24340 627.1
24350 626.7
24360 626.4
24370 627.4
24380 627
24390 626
24400 627
24410 626.4
24420 626.9
24430 626.6
24440 627.2
24450 626.5
24460 626.6
24470 631.8
24480 628.8
24490 626.5
24500 631
24510 628.8
24520 629.5
24530 629.4
24540 629.9
24550 629.5
24560 630.4
24570 630.7
24580 629.7
24590 630.2
24600 630.3
24610 629.6
24620 629.5
24630 629.6
24640 630.4
24650 629.6
24660 630.2
24670 629.1
24680 630.3
24690 629.7
24700 629.4
24710 629.1
24720 629.8
24730 629.4
24740 629.9
24750 629
24760 629.7
24770 631.2
24780 629.3
24790 635.1
24800 631.5
24810 630.5
24820 630.9
24830 629.7
24840 630.4
24850 629.9
24860 629.6
24870 630.4
24880 630.5
24890 630
24900 630.3
24910 629.5
24920 630.6
24930 629.9
24940 629.8
24950 630.6
24960 631.5
24970 628.9
24980 630
24990 628.7
25000 632.4
25010 632.7
25020 631.5
25030 631.8
25040 632.4
25050 631.6
25060 633.1
25070 631.2
25080 631.9
25090 631.7
25100 631.6
25110 636.1
25120 633.5
25130 632.4
25140 633.6
25150 631.5
25160 631.9
25170 632.1
25180 632.2
25190 631.8
25200 632.1
25210 631.2
25220 631.9
25230 631.6
25240 631.8
25250 631.5
25260 631.2
25270 631.5
25280 632
25290 631.1
25300 632.3
25310 631.7
25320 631.9
25330 631.9
25340 631.4
25350 631.3
25360 632.2
25370 631.5
25380 631.9
25390 631.6
25400 632.1
25410 631.9
25420 631.8
25430 634.7
25440 634.1
25450 632.3
25460 633.5
25470 632.2
25480 631.7
25490 631.8
25500 635.3
25510 634.5
25520 635.3
25530 634.6
25540 635.4
25550 635.1
25560 635.5
25570 635.1
25580 635.4
25590 635
25600 636.2
25610 637.5
25620 636
25630 634.9
25640 635.5
25650 635.1
25660 635.9
25670 635
25680 635.6
25690 635.4
25700 635.3
25710 634.9
25720 635.4
25730 635.1
25740 634.8
25750 638.4
25760 635.8
25770 636.6
25780 635.2
25790 635.2
25800 635.9
25810 634.9
25820 635.4
25830 635.5
25840 634.9
25850 635.4
25860 635.3
25870 634.9
25880 635.7
25890 635
25900 635.8
25910 635.2
25920 635.6
25930 635.2
25940 635.8
25950 635
25960 635.5
25970 634.5
25980 635
25990 635.2
26000 637.6
26010 637.5
26020 637.9
26030 636.2
26040 637.7
26050 637.1
26060 637.4
26070 642.7
26080 638.6
26090 637.5
26100 638.9
26110 637.6
26120 637.7
26130 638
26140 637.2
26150 637.9
26160 638.2
26170 636.9
26180 637.4
26190 637.2
26200 637
26210 637.5
26220 637.2
26230 636.9
26240 637.7
26250 637.7
26260 637.3
26270 637.5
26280 637.6
26290 637.1
26300 639.9
26310 636.3
26320 637.3
26330 637.1
26340 636.8
26350 637.3
26360 637.6
26370 637.2
26380 638.8
26390 640.5
26400 638.7
26410 639
26420 637.5
26430 636.8
26440 638.1
26450 636.5
26460 638
26470 637.3
26480 637.7
26490 636.7
26500 642.3
26510 640.6
26520 641.9
26530 641.5
26540 641.4
26550 641.2
26560 641.7
26570 641.5
26580 641.4
26590 641.5
26600 641.4
26610 641.7
26620 641.9
26630 641.5
26640 642.8
26650 642.6
26660 641.2
26670 642.3
26680 641.5
26690 641.5
26700 647.3
26710 642
26720 643.3
26730 642.3
26740 641.4
26750 641.6
26760 642.1
26770 641
26780 642.2
26790 640.9
26800 641.7
26810 641.9
26820 642.1
26830 640.6
26840 642.4
26850 641.5
26860 640.6
26870 641.4
26880 642.1
26890 641.3
26900 641.9
26910 642.2
26920 641.6
26930 641.3
26940 641.4
26950 641.5
26960 641.5
26970 641.4
26980 641.9
26990 641.4
27000 646.1
27010 644.8
27020 649.9
27030 645.9
27040 645.7
27050 645
27060 644.8
27070 645.1
27080 646.2
27090 644.5
27100 645.7
27110 645.2
27120 645.5
27130 645.6
27140 645.2
27150 644.5
27160 646.1
27170 644.7
27180 645.4
27190 644.9
27200 645.8
27210 645.3
27220 645.6
27230 644.9
27240 645.5
27250 644.8
27260 644.9
27270 644.2
27280 645.3
27290 644.3
27300 645.2
27310 644.5
27320 646
27330 644.4
27340 649.9
27350 647.1
27360 645.9
27370 646.1
27380 645.8
27390 645.1
27400 645.8
27410 644.8
27420 645.2
27430 644.8
27440 645.5
27450 645.6
27460 645.6
27470 644.8
27480 646.8
27490 645.2
27500 646.6
27510 645.7
27520 646.7
27530 646
27540 646.3
27550 646.3
27560 646.5
27570 645.7
27580 646.3
27590 645.9
27600 645.8
27610 646
27620 646.5
27630 645.7
27640 646.8
27650 652.5
27660 646.7
27670 647.7
27680 646.4
27690 645.6
27700 646.6
27710 646
27720 646.4
27730 645.8
27740 646.4
27750 645.5
27760 646.3
27770 646.1
27780 646.2
27790 645.5
27800 646.9
27810 645.4
27820 647.3
27830 645.9
27840 645.9
27850 645.8
27860 646.4
27870 645
27880 646.7
27890 645.6
27900 645.7
27910 645.4
27920 646.9
27930 645.4
27940 646
27950 645.3
27960 651.5
27970 645.8
27980 646
27990 645.8
28000 648.6
28010 647.7
28020 647.9
28030 647.8
28040 648.7
28050 647.5
28060 648.4
28070 648
28080 647.3
28090 648.1
28100 648.3
28110 647.3
28120 648.5
28130 647.7
28140 647.7
28150 648
28160 648.4
28170 647.2
28180 648
28190 648.2
28200 648.4
28210 647.9
28220 648.2
28230 647.8
28240 648.4
28250 648
28260 647.6
28270 651.8
28280 649.4
28290 647.7
28300 649.2
28310 647.5
28320 647.8
28330 647.8
28340 649.4
28350 646.9
28360 648.6
28370 647.9
28380 647.4
28390 647.3
28400 648.4
28410 647.4
28420 648.6
28430 647.6
28440 648
28450 648
28460 648
28470 647.7
28480 648.1
28490 648.1
28500 652.1
28510 650.9
28520 651.9
28530 651.3
28540 651.4
28550 650.9
28560 651.7
28570 651
28580 655.7
28590 652.7
28600 652.6
28610 652
28620 651.9
28630 651.3
28640 652.3
28650 652
28660 651.2
28670 651.4
28680 652.3
28690 651.9
28700 651.5
28710 651.6
28720 651.6
28730 651.3
28740 652.2
28750 651.8
28760 651.7
28770 651.5
28780 651
28790 652.7
28800 652
28810 650.9
28820 651.1
28830 651.3
28840 651.5
28850 651.6
28860 651.2
28870 651.7
28880 651.5
28890 655
28900 653.4
28910 652.1
28920 653.6
28930 651.9
28940 651.1
28950 651.1
28960 651.6
28970 652.1
28980 651.5
28990 650.6
29000 654.6
29010 653.2
29020 654.5
29030 653.5
29040 653.8
29050 653.9
29060 653.9
29070 653.2
29080 653.8
29090 653.7
29100 653.3
29110 653.2
29120 654
29130 653.3
29140 654.1
29150 653.1
29160 653.7
29170 652.9
29180 654.1
29190 653.9
29200 656.5
29210 654.3
29220 654.1
29230 653.2
29240 654.6
29250 653.8
29260 653.5
29270 653.4
29280 654.1
29290 653.3
29300 653.2
29310 653
29320 653.4
29330 653.3
29340 653.8
29350 653.7
29360 653.5
29370 654
29380 653.8
29390 653.5
29400 653.8
29410 653.5
29420 653.4
29430 653.6
29440 653.9
29450 654
29460 653.8
29470 654
29480 653.4
29490 653.9
29500 657.3
29510 661.1
29520 657
29530 656.7
29540 656.7
29550 655.7
29560 656.4
29570 656.4
29580 656.3
29590 656.6
29600 656.3
29610 656.3
29620 656.5
29630 656.2
29640 657.6
29650 656.1
29660 657.1
29670 656.5
29680 656.9
29690 657.5
29700 657
29710 656.9
29720 658.2
29730 656.1
29740 657.1
29750 655.9
29760 657.1
29770 656.6
29780 656.9
29790 656.2
29800 657
29810 656.2
29820 662.7
29830 656.9
29840 656.8
29850 656.9
29860 657.8
29870 657.3
29880 656.8
29890 656.7
29900 656.9
29910 655.6
29920 656.8
29930 657.8
29940 656.9
29950 656.2
29960 657.2
29970 656.5
29980 656.4
29990 657.3
